6.666600000E-2 -1.241184250E-2 2.295398191E-1 3.362823895E-1
9.999900000E-2 -4.174919165E-3 2.305455680E-1 -2.688129731E-1
1.333320000E-1 2.957708335E-3 2.055769176E-1 -3.960721821E-1
1.666650000E-1 9.530071622E-3 2.032395648E-1 -1.429317796E0
1.999980000E-1 1.650687716E-2 1.252342272E-1 -2.492636539E0
2.333310000E-1 1.787893661E-2 1.580120469E-2 -2.795232416E0
2.666640000E-1 1.756028027E-2 -5.049986171E-2 -1.842283562E0
2.999970000E-1 1.451231283E-2 -1.121342998E-1 -1.525864748E0
3.333300000E-1 1.008473505E-2 -1.498549296E-1 -1.032408073E0
3.666630000E-1 4.522084093E-3 -1.808706357E-1 -7.795433221E-1
3.999960000E-1 -1.973186756E-3 -2.023225545E-1 -1.584276337E-1
4.333290000E-1 -8.965951324E-3 -1.938433955E-1 3.815537829E-1
4.666620000E-1 -1.489595056E-2 -1.720946533E-1 1.279514472E0
4.999950000E-1 -2.043881348E-2 -1.163022463E-1 1.921487515E0
5.333280000E-1 -2.264935611E-2 -3.501635033E-2 2.123937318E0
5.666610000E-1 -2.277321349E-2 2.324315409E-2 1.749992613E0
5.999940000E-1 -2.109982800E-2 8.054498766E-2 1.618273166E0
6.333270000E-1 -1.740360135E-2 1.328129385E-1 1.299446647E0
6.666600000E-1 -1.224572064E-2 1.673077991E-1 7.563352995E-1
6.999930000E-1 -6.249859614E-3 1.832169717E-1 1.867134559E-1
7.333260000E-1 -3.137800523E-5 1.798689795E-1 -4.615885324E-1
7.666590000E-1 5.741285773E-3 1.529475761E-1 -1.161416466E0
7.999920000E-1 1.016502510E-2 1.020033286E-1 -1.618108411E0
8.333250000E-1 1.254143968E-2 4.320377347E-2 -2.002811712E0
8.666580000E-1 1.304524786E-2 -2.887087465E-2 -1.852661690E0
8.999910000E-1 1.061673395E-2 -8.685971345E-2 -1.441444416E0
9.333240000E-1 7.254658206E-3 -1.199560751E-1 -9.453818340E-1
9.666570000E-1 2.619742245E-3 -1.515528327E-1 -6.426329864E-1
9.999900000E-1 -2.848762942E-3 -1.636946061E-1 -6.915963413E-2
1.033323000E0 -8.293122367E-3 -1.554060094E-1 5.559995535E-1
1.066656000E0 -1.320905996E-2 -1.272984198E-1 1.063206772E0
1.099989000E0 -1.677959882E-2 -8.329564315E-2 1.339305543E0
1.133322000E0 -1.876204731E-2 -3.726224747E-2 1.519263532E0
1.166655000E0 -1.926372381E-2 1.643307758E-2 1.498021996E0
1.199988000E0 -1.766651976E-2 6.586325672E-2 1.397049840E0
1.233321000E0 -1.487288394E-2 1.069001646E-1 1.000419932E0
1.266654000E0 -1.053991339E-2 1.357656285E-1 7.109254689E-1
1.299987000E0 -5.821932553E-3 1.512580082E-1 1.241710724E-1
1.333320000E0 -4.561470112E-4 1.478674525E-1 -5.508049244E-1
1.366653000E0 4.035799035E-3 1.125741805E-1 -9.618890813E-1
1.399986000E0 7.048723307E-3 8.066504295E-2 -1.205939904E0
1.433319000E0 9.413414788E-3 3.736659502E-2 -1.373330825E0
1.466652000E0 9.539804730E-3 -1.623255016E-2 -1.644579087E0
1.499985000E0 8.331255599E-3 -6.857836887E-2 -1.279204085E0
1.533318000E0 4.967959191E-3 -1.070128085E-1 -7.499483860E-1
1.566651000E0 1.197139710E-3 -1.153813742E-1 -3.049952498E-1
1.599984000E0 -2.724055501E-3 -1.259318494E-1 -1.413874420E-1
1.633317000E0 -7.198232961E-3 -1.277763008E-1 3.405162523E-1
1.666650000E0 -1.124239037E-2 -1.028434174E-1 8.999787611E-1
1.699983000E0 -1.405439222E-2 -6.603680563E-2 1.183140106E0
1.733316000E0 -1.564480006E-2 -2.466555463E-2 1.334808325E0
1.766649000E0 -1.569874609E-2 2.334981343E-2 1.189841662E0
1.799982000E0 -1.408816139E-2 5.722528686E-2 9.430282377E-1
1.833315000E0 -1.188376511E-2 8.281287531E-2 7.208986427E-1
1.866648000E0 -8.567358249E-3 1.076174499E-1 6.016893857E-1
1.899981000E0 -4.709340196E-3 1.219731964E-1 5.844553368E-2
1.933314000E0 -4.358931408E-4 1.141424873E-1 -6.139360878E-1
1.966647000E0 2.900082864E-3 7.912951284E-2 -1.058004631E0
1.999980000E0 4.839354962E-3 4.195078365E-2 -9.372436932E-1
2.033313000E0 5.696773807E-3 1.634353025E-2 -9.194765813E-1
2.066646000E0 5.928912749E-3 -1.637446006E-2 -1.047733909E0
2.099979000E0 4.605154052E-3 -5.644301892E-2 -9.170522232E-1
2.133312000E0 2.166082450E-3 -7.823356857E-2 -4.939143984E-1
2.166645000E0 -6.103650298E-4 -8.778474843E-2 -3.232190597E-1
2.199978000E0 -3.686175589E-3 -9.933307072E-2 -3.596231097E-2
2.233311000E0 -7.232503522E-3 -9.341144452E-2 4.731346740E-1
2.266644000E0 -9.913542949E-3 -6.524409537E-2 8.309708195E-1
2.299977000E0 -1.158206638E-2 -3.734468557E-2 8.066007700E-1
2.333310000E0 -1.240316376E-2 -1.183709528E-2 8.731013126E-1
2.366643000E0 -1.237119818E-2 1.998375115E-2 8.843357978E-1
2.399976000E0 -1.107092700E-2 4.926103082E-2 7.777963627E-1
2.433309000E0 -9.087162298E-3 7.048100467E-2 6.193894392E-1
2.466642000E0 -6.372240346E-3 9.087545431E-2 1.882577711E-1
2.499975000E0 -3.028859261E-3 8.617608881E-2 -3.970045407E-1
2.533308000E0 -6.272252099E-4 6.065391430E-2 -5.367348944E-1
2.566641000E0 1.014694590E-3 4.916895253E-2 -5.406679639E-1
2.599974000E0 2.650672179E-3 2.907069811E-2 -6.709082594E-1
2.633307000E0 2.952721750E-3 2.846856697E-5 -7.772786607E-1
2.666640000E0 2.652570065E-3 -2.078665827E-2 -6.096509058E-1
2.699973000E0 1.566958390E-3 -4.142515415E-2 -5.560352293E-1
2.733306000E0 -1.090792615E-4 -5.764996139E-2 -4.114882229E-1
2.766639000E0 -2.276333936E-3 -6.911255830E-2 -1.188652058E-1
2.799972000E0 -4.716537073E-3 -6.663082966E-2 2.628577188E-1
2.833305000E0 -6.718344826E-3 -5.049134645E-2 4.483278287E-1
2.866638000E0 -8.082593175E-3 -3.569689116E-2 4.850296175E-1
2.899971000E0 -9.098113773E-3 -1.958275073E-2 5.215713789E-1
2.933304000E0 -9.388096836E-3 1.693876128E-4 6.156811902E-1
2.966637000E0 -9.086821378E-3 2.076610946E-2 5.945151635E-1
2.999970000E0 -8.003703382E-3 4.071296969E-2 5.651553058E-1
3.033303000E0 -6.372650541E-3 5.784272507E-2 2.868166129E-1
3.066636000E0 -4.147560273E-3 6.189909671E-2 -2.036051816E-1
3.099969000E0 -2.246085359E-3 4.353873548E-2 -3.244272952E-1
3.133302000E0 -1.245006934E-3 3.622131922E-2 -2.870805633E-1
3.166635000E0 1.686451078E-4 2.988686981E-2 -3.572846988E-1
3.199968000E0 7.474311294E-4 9.118362445E-3 -5.831140821E-1
3.233301000E0 7.765298585E-4 -8.250474080E-3 -4.335316601E-1
3.266634000E0 1.974050244E-4 -2.073245384E-2 -4.652974076E-1
3.299967000E0 -6.056199092E-4 -3.707181897E-2 -3.436871340E-1
3.333300000E0 -2.274024859E-3 -4.727108454E-2 -7.410863381E-2
3.366633000E0 -3.756994031E-3 -4.000399714E-2 1.666168363E-1
3.399966000E0 -4.940931332E-3 -3.530910482E-2 1.798773304E-1
3.433299000E0 -6.110910813E-3 -2.940657309E-2 2.695901693E-1
3.466632000E0 -6.901349934E-3 -1.673658771E-2 4.337737570E-1
3.499965000E0 -7.226672170E-3 -6.149454389E-4 4.439413489E-1
3.533298000E0 -6.942345887E-3 1.373214162E-2 4.164198728E-1
3.566631000E0 -6.311205216E-3 2.627710482E-2 3.931414129E-1
3.599964000E0 -5.190556417E-3 4.033650906E-2 1.399026463E-1
3.633297000E0 -3.622131503E-3 3.779636535E-2 -1.718814805E-1
3.666630000E0 -2.670823925E-3 2.568176333E-2 -2.567625987E-1
3.699963000E0 -1.910031069E-3 2.138982215E-2 -1.461466258E-1
3.733296000E0 -1.244850041E-3 1.643953287E-2 -2.536136466E-1
3.766629000E0 -8.140731706E-4 4.837791947E-3 -3.034207386E-1
3.799962000E0 -9.223338028E-4 -5.302654916E-3 -3.328906113E-1
3.833295000E0 -1.167579963E-3 -1.560803459E-2 -2.751788523E-1
3.866628000E0 -1.962859037E-3 -2.547988222E-2 -2.237486029E-1
3.899961000E0 -2.866221791E-3 -2.947054162E-2 4.261328108E-2
3.933294000E0 -3.927542164E-3 -2.417882634E-2 1.454922140E-1
3.966627000E0 -4.478127428E-3 -1.715302904E-2 2.049026336E-1
3.999960000E0 -5.071065998E-3 -1.254394522E-2 1.583283941E-1
4.033293000E0 -5.314382080E-3 -5.295103516E-3 2.746120330E-1
4.066626000E0 -5.424069369E-3 4.477155810E-3 3.060920932E-1
4.099959000E0 -5.015908010E-3 1.644399374E-2 1.991335057E-1
4.133292000E0 -4.327814083E-3 1.819267607E-2 1.030862619E-1
4.166625000E0 -3.803075067E-3 2.123212479E-2 -2.444490307E-3
4.199958000E0 -2.912353252E-3 2.079498068E-2 -8.492909301E-2
4.233291000E0 -2.416756885E-3 1.331450674E-2 -1.781189861E-1
4.266624000E0 -2.024728346E-3 9.628043926E-3 -1.211909241E-1
4.299957000E0 -1.774893709E-3 5.178641922E-3 -1.536844805E-1
4.333290000E0 -1.679489003E-3 -4.950305239E-4 -2.888288628E-1
4.366623000E0 -1.807895414E-3 -1.334814008E-2 -2.340348897E-1
4.399956000E0 -2.569356110E-3 -1.889488386E-2 -8.777062656E-2
4.433289000E0 -3.067541741E-3 -1.649345936E-2 5.427915010E-2
4.466622000E0 -3.668909072E-3 -1.650250225E-2 6.855402813E-2
4.499955000E0 -4.167697556E-3 -1.172516534E-2 1.670155246E-1
4.533288000E0 -4.450578944E-3 -5.140707994E-3 1.597676031E-1
4.566621000E0 -4.510407995E-3 -7.325724322E-4 1.032184992E-1
4.599954000E0 -4.499416618E-3 1.411469441E-3 1.765492412E-1
4.633287000E0 -4.416310973E-3 1.010689273E-2 2.254577940E-1
4.666620000E0 -3.825630507E-3 1.836989181E-2 7.495418325E-2
4.699953000E0 -3.191663766E-3 1.480382667E-2 -7.846494691E-2
4.733286000E0 -2.838718598E-3 1.168513280E-2 -9.433399512E-2
4.766619000E0 -2.412662703E-3 9.849401256E-3 -8.426655971E-2
4.799952000E0 -2.182098414E-3 5.303430925E-3 -1.645199867E-1
4.833285000E0 -2.059104177E-3 -5.542854475E-4 -2.186981861E-1
4.866618000E0 -2.219050408E-3 -9.575910425E-3 -1.883735350E-1
4.899951000E0 -2.697491821E-3 -1.393136953E-2 -7.569310464E-2
4.933284000E0 -3.147799089E-3 -1.378028917E-2 2.490476391E-2
4.966617000E0 -3.616168579E-3 -1.261407419E-2 7.115039683E-2
4.999950000E0 -3.988728958E-3 -8.911315341E-3 1.340188750E-1
5.033283000E0 -4.210250328E-3 -3.663580751E-3 1.246593213E-1
5.066616000E0 -4.232965233E-3 -1.485309253E-4 9.841023825E-2
5.099949000E0 -4.220152290E-3 2.343420595E-3 1.167253747E-1
5.133282000E0 -4.076738755E-3 7.639895415E-3 1.527139033E-1
5.166615000E0 -3.710831023E-3 1.292036571E-2 4.130905752E-2
5.199948000E0 -3.215389655E-3 1.102107832E-2 -2.018885220E-2
5.233281000E0 -2.976099815E-3 9.821538769E-3 -8.369689238E-2
5.266614000E0 -2.560626951E-3 7.460194319E-3 -7.300622378E-2
5.299947000E0 -2.478758501E-3 3.060826844E-3 -1.322952555E-1
5.333280000E0 -2.356573869E-3 4.542264075E-5 -9.825480358E-2
5.366613000E0 -2.475730355E-3 -4.480722539E-3 -1.618209808E-1
5.399946000E0 -2.655285718E-3 -9.847036278E-3 -1.338891659E-1
5.433279000E0 -3.132192876E-3 -1.452100655E-2 3.854112937E-2
5.466612000E0 -3.623343140E-3 -7.705650580E-3 1.119858397E-1
5.499945000E0 -3.645897777E-3 -4.474062205E-3 7.561026041E-2
5.533278000E0 -3.921610971E-3 -5.193804325E-3 -1.459568103E-2
5.566611000E0 -3.992147936E-3 -3.786631315E-3 1.151650954E-1
5.599944000E0 -4.174050534E-3 6.888417956E-4 1.626560473E-1
5.633277000E0 -3.946225609E-3 8.774530380E-3 1.087175405E-1
5.666610000E0 -3.589087692E-3 8.000492047E-3 -5.707433348E-3
5.699943000E0 -3.412864806E-3 7.084723792E-3 3.142978580E-2
5.733276000E0 -3.116777496E-3 1.073287006E-2 -1.219342611E-2
5.766609000E0 -2.697347291E-3 7.298528672E-3 -1.175467038E-1
5.799942000E0 -2.630213783E-3 1.233795924E-3 -1.327063159E-1
5.833275000E0 -2.615095052E-3 -8.327104005E-4 -7.118113738E-2
5.866608000E0 -2.685727255E-3 -3.561534008E-3 -9.294256675E-2
5.899941000E0 -2.852528278E-3 -6.975579274E-3 -7.292251026E-2
5.933274000E0 -3.150761223E-3 -8.801053838E-3 -1.014936619E-2
5.966607000E0 -3.439259333E-3 -7.494607727E-3 6.155876805E-2
5.999940000E0 -3.650396741E-3 -4.629950543E-3 2.677985933E-2
6.033273000E0 -3.747919616E-3 -5.080347363E-3 1.045655944E-1
6.066606000E0 -3.989083179E-3 3.923321998E-4 4.832208239E-2
6.099939000E0 -3.721764398E-3 1.552068304E-3 6.825580909E-2
6.133272000E0 -3.885612993E-3 1.140093584E-3 1.056652824E-1
6.166605000E0 -3.645758919E-3 1.074361511E-2 9.218866415E-2
6.199938000E0 -3.169379148E-3 8.291672343E-3 -3.975034401E-2
6.233271000E0 -3.092986290E-3 5.424936387E-3 -1.049218872E-1
6.266604000E0 -2.807720339E-3 3.737853991E-3 -1.963571601E-2
6.299937000E0 -2.843798516E-3 1.869426010E-3 -4.317491739E-2
6.333270000E0 -2.683093185E-3 2.695233402E-3 -1.269769247E-1
6.366603000E0 -2.664118086E-3 -6.600474572E-3 -1.499456804E-1
6.399936000E0 -3.123120422E-3 -9.636377098E-3 -7.735384478E-3
6.433269000E0 -3.306536802E-3 -4.984785474E-3 5.632292726E-2
6.466602000E0 -3.455436131E-3 -6.092025398E-3 1.181349053E-2
6.499935000E0 -3.712667767E-3 -5.108172511E-3 7.951004670E-2
6.533268000E0 -3.795977560E-3 -1.495588511E-4 8.476623298E-2
6.566601000E0 -3.722638257E-3 1.011354926E-3 2.412001219E-2
6.599934000E0 -3.728554572E-3 6.630047182E-4 4.045688296E-2
6.633267000E0 -3.678438385E-3 3.791564133E-3 8.687831185E-2
6.666600000E0 -3.475786158E-3 6.874887303E-3 1.933825103E-2
6.699933000E0 -3.220117148E-3 5.317247341E-3 -2.069506190E-2
6.733266000E0 -3.121306546E-3 4.491237605E-3 -1.127425298E-2
6.766599000E0 -2.920704302E-3 5.423034119E-3 -6.251725369E-2
6.799932000E0 -2.759774554E-3 5.468875735E-4 -1.135261970E-1
6.833265000E0 -2.884245495E-3 -3.339787719E-3 -6.089393966E-2
6.866598000E0 -2.982424842E-3 -2.808034459E-3 1.757902527E-2
6.899931000E0 -3.071445920E-3 -2.245667128E-3 -4.504292145E-2
6.933264000E0 -3.132134487E-3 -5.223015974E-3 -6.072263502E-2
6.966597000E0 -3.419643503E-3 -7.488955801E-3 1.612178879E-2
6.999930000E0 -3.631393214E-3 -3.714387228E-3 7.871693227E-2
7.033263000E0 -3.667266842E-3 -1.578096854E-3 5.893552894E-2
7.066596000E0 -3.736598619E-3 -5.274543810E-4 2.868202921E-2
7.099929000E0 -3.702430116E-3 8.712646502E-4 9.758928038E-2
7.133262000E0 -3.678514890E-3 5.088296364E-3 1.054725842E-1
7.166595000E0 -3.363213750E-3 9.209186740E-3 -9.872474230E-3
7.199928000E0 -3.064575247E-3 4.387436774E-3 -1.307140567E-1
7.233261000E0 -3.070720890E-3 -7.016276162E-4 -2.972661313E-2
7.266594000E0 -3.111349953E-3 2.394773451E-3 1.405327343E-2
7.299927000E0 -2.911070923E-3 1.924967234E-3 -3.292307196E-2
7.333260000E0 -2.983020088E-3 -1.567451748E-3 -8.041193286E-2
7.366593000E0 -3.015566662E-3 -2.470159560E-3 -2.145491341E-3
7.399926000E0 -3.147695745E-3 -2.439480446E-3 -6.231538479E-2
7.433259000E0 -3.178197065E-3 -5.342971477E-3 -4.942659070E-2
7.466592000E0 -3.503890281E-3 -7.536630765E-3 1.670805557E-2
7.499925000E0 -3.680634092E-3 -3.251212932E-3 1.054968906E-1
7.533258000E0 -3.720635643E-3 -3.571298187E-4 4.819669938E-2
7.566591000E0 -3.704442508E-3 -1.830255935E-5 6.642721887E-2
