9.999900000E-2 -5.877304660E-2 1.069709078E-1 1.655218876E0
1.333320000E-1 -5.429410681E-2 1.593921706E-1 5.638723296E-1
1.666650000E-1 -4.814700815E-2 1.523744480E-1 9.270846272E-1
1.999980000E-1 -4.413591186E-2 1.974513885E-1 1.913434338E0
2.333310000E-1 -3.498371389E-2 3.025489831E-1 2.057970026E0
2.666640000E-1 -2.396618135E-2 3.314885886E-1 1.631358433E0
2.999970000E-1 -1.288469564E-2 3.981902604E-1 2.394157988E0
3.333300000E-1 2.579570543E-3 5.040175902E-1 2.712244363E-1
3.666630000E-1 2.071614103E-2 4.340540103E-1 -4.678697258E0
3.999960000E-1 3.151621519E-2 1.760720401E-1 -6.936990998E0
4.333290000E-1 3.245415965E-2 -4.456646381E-2 -2.974870284E0
4.666620000E-1 2.854514732E-2 -3.381286395E-2 -3.528682264E-1
4.999950000E-1 3.019999127E-2 -2.342089843E-2 -2.438893577E0
5.333280000E-1 2.698376970E-2 -2.126135899E-1 -4.352338702E0
5.666610000E-1 1.602589368E-2 -3.353677729E-1 -3.001927552E0
5.999940000E-1 4.626141753E-3 -3.910383818E-1 -9.126148482E-1
6.333270000E-1 -1.004307108E-2 -4.131243087E-1 5.760518009E-1
6.666600000E-1 -2.291520341E-2 -3.439574576E-1 2.283795641E0
6.999930000E-1 -3.297333894E-2 -2.587990414E-1 3.111732059E0
7.333260000E-1 -4.016830031E-2 -1.409675483E-1 3.857280997E0
7.666590000E-1 -4.237108152E-2 3.648492207E-3 4.288128513E0
7.999920000E-1 -3.992506992E-2 1.440370749E-1 3.591943576E0
8.333250000E-1 -3.276870588E-2 2.485044355E-1 2.742262669E0
8.666580000E-1 -2.335827323E-2 3.209064813E-1 1.607454250E0
8.999910000E-1 -1.137515440E-2 3.615670017E-1 4.145006511E-1
9.333240000E-1 7.459525063E-4 3.461203651E-1 -1.043071850E0
9.666570000E-1 1.169930586E-2 2.919635130E-1 -1.653931509E0
9.999900000E-1 2.020999206E-2 2.313218050E-1 -2.514507147E0
1.033323000E0 2.712060531E-2 1.332847290E-1 -3.457783272E0
1.066656000E0 2.909555181E-2 -7.398073003E-3 -4.065625104E0
1.099989000E0 2.662740537E-2 -1.371978940E-1 -3.190004101E0
1.133322000E0 1.994911701E-2 -2.250561650E-1 -2.089651266E0
1.166655000E0 1.162381108E-2 -2.714457541E-1 -1.324780775E0
1.199988000E0 1.852914364E-3 -3.131763100E-1 -7.156676680E-1
1.233321000E0 -9.254400805E-3 -3.232158559E-1 4.342752717E-1
1.266654000E0 -1.969459388E-2 -2.828403735E-1 1.747151949E0
1.299987000E0 -2.811023714E-2 -2.061154025E-1 2.633978809E0
1.333320000E0 -3.343548331E-2 -1.060149362E-1 3.135653604E0
1.366653000E0 -3.517782888E-2 3.667918454E-3 3.159538785E0
1.399986000E0 -3.319095786E-2 1.062590540E-1 2.893576271E0
1.433319000E0 -2.809396278E-2 1.957843434E-1 2.358219850E0
1.466652000E0 -2.013879882E-2 2.652569839E-1 1.482924398E0
1.499985000E0 -1.041034069E-2 2.955872408E-1 2.609329478E-1
1.533318000E0 -4.331798281E-4 2.823432095E-1 -8.391895416E-1
1.566651000E0 8.412351712E-3 2.381477023E-1 -1.459364170E0
1.599984000E0 1.544317489E-2 1.836040354E-1 -1.894100657E0
1.633317000E0 2.065249834E-2 1.139982176E-1 -2.700046892E0
1.666650000E0 2.304298006E-2 4.961350734E-3 -3.248081856E0
1.699983000E0 2.098325174E-2 -1.088482384E-1 -2.715097114E0
1.733316000E0 1.578650340E-2 -1.769456159E-1 -1.758863029E0
1.766649000E0 9.186995312E-3 -2.219683591E-1 -1.230104092E0
1.799982000E0 9.887607731E-4 -2.606915387E-1 -5.699038487E-1
1.833315000E0 -8.192266805E-3 -2.625834393E-1 5.308055441E-1
1.866648000E0 -1.651662679E-2 -2.233031204E-1 1.385045387E0
1.899981000E0 -2.307899263E-2 -1.685748447E-1 2.237593323E0
1.933314000E0 -2.775483739E-2 -7.862909896E-2 2.524008204E0
1.966647000E0 -2.832088014E-2 9.481318151E-3 2.376304242E0
1.999980000E0 -2.712275584E-2 7.321864752E-2 2.120230359E0
2.033313000E0 -2.343968578E-2 1.517974651E-1 2.019721445E0
2.066646000E0 -1.700302603E-2 2.116866829E-1 1.298778539E0
2.099979000E0 -9.327381380E-3 2.368512686E-1 3.259475286E-1
2.133312000E0 -1.213099358E-3 2.339899118E-1 -1.155145919E-1
2.166645000E0 6.271790083E-3 2.253924932E-1 -1.224257676E0
2.199978000E0 1.381291659E-2 1.629973771E-1 -2.084925806E0
2.233311000E0 1.713817323E-2 7.215369710E-2 -2.667844112E0
2.266644000E0 1.862311496E-2 -6.427806277E-3 -2.225111771E0
2.299977000E0 1.670965709E-2 -8.313144348E-2 -2.003740162E0
2.333310000E0 1.308107415E-2 -1.361750469E-1 -1.466480042E0
2.366643000E0 7.631411418E-3 -1.823334922E-1 -1.258933058E0
2.399976000E0 9.256295620E-4 -2.190330618E-1 -5.162072467E-1
2.433309000E0 -6.970646683E-3 -2.213740777E-1 5.540792962E-1
2.466642000E0 -1.383249470E-2 -1.789538035E-1 1.370372480E0
2.499975000E0 -1.890078095E-2 -1.279846346E-1 1.579680668E0
2.533308000E0 -2.236471835E-2 -7.477394933E-2 1.844391227E0
2.566641000E0 -2.388566105E-2 -5.823616270E-3 2.043669701E0
2.599974000E0 -2.275295555E-2 6.434148498E-2 2.037263269E0
2.633307000E0 -1.959627161E-2 1.281955428E-1 1.560105411E0
2.666640000E0 -1.420667150E-2 1.720937627E-1 9.183813165E-1
2.699973000E0 -8.123468829E-3 1.869693217E-1 2.141344479E-1
2.733306000E0 -1.742174699E-3 1.868205222E-1 -8.787994575E-2
2.766639000E0 4.331108107E-3 1.795329348E-1 -7.169924991E-1
2.799972000E0 1.022656793E-2 1.436626923E-1 -1.577064640E0
2.833305000E0 1.390852515E-2 7.093698187E-2 -2.281332188E0
2.866638000E0 1.495565276E-2 -9.175107625E-3 -2.024599291E0
2.899971000E0 1.329685743E-2 -6.745808746E-2 -1.665038130E0
2.933304000E0 1.045849190E-2 -1.151482255E-1 -1.246395247E0
2.966637000E0 5.620385826E-3 -1.551619539E-1 -1.024121255E0
2.999970000E0 1.144650814E-4 -1.798966947E-1 -2.856048048E-1
3.033303000E0 -6.372607224E-3 -1.791807779E-1 5.907824346E-1
3.066636000E0 -1.183080066E-2 -1.377180620E-1 1.166702585E0
3.099969000E0 -1.555371954E-2 -9.810911843E-2 1.145739406E0
3.133302000E0 -1.837134315E-2 -6.409414913E-2 1.343856231E0
3.166635000E0 -1.982662009E-2 -9.500586721E-3 1.780669575E0
3.199968000E0 -1.900470926E-2 5.685628305E-2 1.725147211E0
3.233301000E0 -1.603623912E-2 1.072313501E-1 1.221248941E0
3.266634000E0 -1.185602408E-2 1.371832699E-1 6.566937086E-1
3.299967000E0 -6.890779251E-3 1.514258823E-1 3.699001933E-1
3.333300000E0 -1.761066212E-3 1.599940893E-1 -2.606861021E-2
3.366633000E0 3.775386709E-3 1.529558081E-1 -9.192769290E-1
3.399966000E0 8.435885694E-3 9.980041786E-2 -1.604843263E0
3.433299000E0 1.042868137E-2 3.933291237E-2 -1.748872084E0
3.466632000E0 1.105805363E-2 -1.244187803E-2 -1.333623276E0
3.499965000E0 9.599231125E-3 -5.412261819E-2 -1.224085619E0
3.533298000E0 7.449915166E-3 -8.902491110E-2 -1.046893909E0
3.566631000E0 3.664296401E-3 -1.274632127E-1 -7.635557443E-1
3.599964000E0 -1.047547368E-3 -1.405119744E-1 -1.913685270E-1
3.633297000E0 -5.703074887E-3 -1.382038890E-1 4.825775823E-1
3.666630000E0 -1.026104783E-2 -1.116302304E-1 8.365666564E-1
3.699963000E0 -1.314501582E-2 -7.684949267E-2 1.041748546E0
3.733296000E0 -1.538429611E-2 -4.602696673E-2 1.138128785E0
3.766629000E0 -1.621344959E-2 1.167460586E-4 1.420053753E0
3.799962000E0 -1.537651312E-2 4.930447342E-2 1.293043234E0
3.833295000E0 -1.292651756E-2 8.764157786E-2 9.419990470E-1
3.866628000E0 -9.533799688E-3 1.113243564E-1 4.802735645E-1
3.899961000E0 -5.504968017E-3 1.204281568E-1 2.224927959E-1
3.933294000E0 -1.505336187E-3 1.240839721E-1 -1.176315598E-1
3.966627000E0 2.767214066E-3 1.156132931E-1 -8.191795759E-1
3.999960000E0 6.202139609E-3 7.001672653E-2 -1.288014632E0
4.033293000E0 7.434949157E-3 2.396382244E-2 -1.369355279E0
4.066626000E0 7.799711796E-3 -1.637194957E-2 -1.117867628E0
4.099959000E0 6.343496767E-3 -5.490193951E-2 -9.050958224E-1
4.133292000E0 4.139619096E-3 -7.477620380E-2 -6.197503699E-1
4.166625000E0 1.358466365E-3 -9.538328915E-2 -4.811847519E-1
4.199958000E0 -2.219203259E-3 -1.088189701E-1 -1.147101104E-1
4.233291000E0 -5.896059093E-3 -1.028185494E-1 4.497058406E-1
4.266624000E0 -9.073704671E-3 -7.884227732E-2 7.387030512E-1
4.299957000E0 -1.115215835E-2 -5.148394730E-2 8.347687591E-1
4.333290000E0 -1.250593350E-2 -2.471277664E-2 9.357679303E-1
4.366623000E0 -1.279966032E-2 1.105241141E-2 1.017005975E0
4.399956000E0 -1.176911344E-2 4.454413069E-2 8.603995601E-1
4.433289000E0 -9.830081304E-3 6.805559145E-2 6.165185726E-1
4.466622000E0 -7.232119383E-3 8.544937724E-2 4.556534703E-1
4.499955000E0 -4.133513121E-3 9.838998153E-2 -1.818900392E-1
4.533288000E0 -6.728528747E-4 7.755466309E-2 -5.390060547E-1
4.566621000E0 1.036746048E-3 5.381518484E-2 -5.985129747E-1
4.599954000E0 2.914790238E-3 4.390510749E-2 -5.255437736E-1
4.633287000E0 3.963723944E-3 1.694038047E-2 -8.477424128E-1
4.666620000E0 4.044137642E-3 -1.281001145E-2 -9.283316275E-1
4.699953000E0 3.109731721E-3 -4.482297952E-2 -7.646650714E-1
4.733286000E0 1.055968889E-3 -6.581028867E-2 -4.083732299E-1
4.766619000E0 -1.277576984E-3 -7.074290684E-2 -1.141023060E-1
4.799952000E0 -3.660177738E-3 -7.283410526E-2 1.358010046E-1
4.833285000E0 -6.133135445E-3 -6.349894470E-2 3.564055064E-1
4.866618000E0 -7.893398386E-3 -4.669872776E-2 4.959684346E-1
4.899951000E0 -9.246352830E-3 -3.151289772E-2 6.121887182E-1
4.933284000E0 -9.994237226E-3 -6.450005569E-3 7.597195245E-1
4.966617000E0 -9.676348901E-3 2.079700671E-2 7.043371714E-1
4.999950000E0 -8.607783976E-3 4.026604937E-2 5.253909877E-1
5.033283000E0 -6.991972454E-3 5.554889838E-2 3.875474988E-1
5.066616000E0 -4.904561117E-3 6.640979470E-2 -8.978128459E-2
5.099949000E0 -2.564697080E-3 5.220512334E-2 -3.502564475E-1
5.133282000E0 -1.424254365E-3 3.698262304E-2 -2.828698154E-1
5.166615000E0 -9.921353255E-5 3.708904884E-2 -1.659586227E-1
5.199948000E0 1.048324165E-3 2.597051337E-2 -5.808874129E-1
5.233281000E0 1.632136711E-3 -1.023692307E-3 -7.342994886E-1
5.266614000E0 9.800786936E-4 -2.613231705E-2 -5.647002385E-1
5.299947000E0 -1.100003372E-4 -3.724940059E-2 -2.293033912E-1
5.333280000E0 -1.503189846E-3 -4.178156577E-2 -1.305907094E-1
5.366613000E0 -2.895410201E-3 -4.485984706E-2 -3.060972129E-2
5.399946000E0 -4.493816411E-3 -4.511352437E-2 1.085473874E-1
5.433279000E0 -5.902948416E-3 -3.710840872E-2 3.191574013E-1
5.466612000E0 -6.967685586E-3 -2.391320837E-2 4.717019924E-1
5.499945000E0 -7.497146366E-3 -5.578121243E-3 5.235841828E-1
5.533278000E0 -7.339556617E-3 1.178182735E-2 4.152481040E-1
5.566611000E0 -6.711699063E-3 2.217148641E-2 3.580496650E-1
5.599944000E0 -5.861472304E-3 3.433563466E-2 2.101935935E-1
5.633277000E0 -4.422679643E-3 3.884694516E-2 -2.291677007E-2
5.666610000E0 -3.271701858E-3 3.084020328E-2 -1.818304216E-1
5.699943000E0 -2.366686651E-3 2.639553886E-2 -1.623818965E-1
5.733276000E0 -1.512016864E-3 2.099042628E-2 -1.730895320E-1
5.766609000E0 -9.673388926E-4 1.397378860E-2 -3.058264250E-1
5.799942000E0 -5.804402734E-4 1.967372905E-3 -3.340170088E-1
5.833275000E0 -8.361820105E-4 -1.033019294E-2 -3.837876947E-1
5.866608000E0 -1.269112916E-3 -2.174895079E-2 -2.955684746E-1
5.899941000E0 -2.286097564E-3 -3.195196175E-2 -1.155706950E-1
5.933274000E0 -3.399222398E-3 -2.921156585E-2 1.080533517E-1
5.966607000E0 -4.233515813E-3 -2.355765605E-2 1.670601738E-1
5.999940000E0 -4.969717095E-3 -1.873078815E-2 1.605690212E-1
6.033273000E0 -5.482222535E-3 -1.251348788E-2 2.678062131E-1
6.066606000E0 -5.803941278E-3 -1.678000734E-3 3.084470793E-1
6.099939000E0 -5.594088132E-3 9.465907528E-3 2.855854832E-1
6.133272000E0 -5.172887087E-3 1.656611095E-2 1.422992104E-1
6.166605000E0 -4.489691779E-3 1.973158841E-2 1.069995798E-1
6.199938000E0 -3.857461014E-3 2.242545280E-2 -1.353792079E-2
6.233271000E0 -2.994676543E-3 2.067105435E-2 -1.130228465E-1
6.266604000E0 -2.479404505E-3 1.322615005E-2 -1.768950682E-1
6.299937000E0 -2.112942024E-3 9.236195719E-3 -1.207021163E-1
6.333270000E0 -1.863664281E-3 5.306369349E-3 -2.559608415E-1
6.366603000E0 -1.759187605E-3 -6.780722922E-3 -2.781470081E-1
6.399936000E0 -2.315707955E-3 -1.587623781E-2 -1.843137165E-1
6.433269000E0 -2.817592875E-3 -1.712247904E-2 -5.572888889E-3
6.466602000E0 -3.457195143E-3 -1.723421019E-2 3.001226264E-3
6.499935000E0 -3.966528731E-3 -1.597038439E-2 1.006384934E-1
6.533268000E0 -4.521876789E-3 -1.170880208E-2 1.822105408E-1
6.566601000E0 -4.747107731E-3 -2.865639345E-3 1.836127321E-1
6.599934000E0 -4.712917501E-3 9.475117614E-4 1.324347896E-1
6.633267000E0 -4.683940912E-3 4.820543434E-3 1.327533733E-1
6.666600000E0 -4.391551153E-3 1.066699963E-2 1.660477272E-1
6.699933000E0 -3.972814715E-3 1.545417356E-2 3.408644132E-2
6.733266000E0 -3.361283218E-3 1.410133289E-2 -8.801486444E-2
6.766599000E0 -3.032735256E-3 8.197626744E-3 -1.020810015E-1
6.799932000E0 -2.814780233E-3 7.317212013E-3 -9.268796487E-2
6.833265000E0 -2.544926000E-3 3.180130831E-3 -1.398485464E-1
6.866598000E0 -2.602773631E-3 -3.298326845E-3 -1.191030335E-1
6.899931000E0 -2.764812258E-3 -4.548916926E-3 -1.541247684E-1
6.933264000E0 -2.906031727E-3 -1.213270319E-2 -1.265755998E-1
6.966597000E0 -3.573651049E-3 -1.588045812E-2 9.248126523E-3
6.999930000E0 -3.964718348E-3 -9.519073632E-3 1.652598396E-1
7.033263000E0 -4.208249611E-3 -5.133865871E-3 8.191057712E-2
7.066596000E0 -4.306972650E-3 -3.654931868E-3 8.568032015E-2
7.099929000E0 -4.451909299E-3 -4.825027207E-4 1.384897602E-1
7.133262000E0 -4.339139176E-3 6.356376812E-3 1.114329103E-1
7.166595000E0 -4.028155083E-3 7.504305023E-3 6.715246524E-2
7.199928000E0 -3.838857178E-3 9.360909236E-3 3.900182158E-2
7.233261000E0 -3.404100708E-3 1.162034618E-2 5.734781233E-2
7.266594000E0 -3.064175179E-3 1.199492566E-2 -9.246733809E-2
7.299927000E0 -2.604446994E-3 7.125000980E-3 -1.716312830E-1
7.333260000E0 -2.589179864E-3 -1.350290323E-3 -1.488778707E-1
7.366593000E0 -2.694465448E-3 -2.463609030E-3 -1.399199260E-1
7.399926000E0 -2.753418824E-3 -9.164709342E-3 -1.083773858E-1
7.433259000E0 -3.305439961E-3 -1.248360518E-2 -3.706976370E-2
7.466592000E0 -3.585650847E-3 -9.288493322E-3 8.718094356E-2
7.499925000E0 -3.924666657E-3 -7.839142346E-3 7.224027758E-2
7.533258000E0 -4.108255110E-3 -3.908802433E-3 9.042716236E-2
7.566591000E0 -4.185250880E-3 -1.764824171E-3 8.165661230E-2
7.599924000E0 -4.225908878E-3 1.126988330E-3 8.049749374E-2
7.633257000E0 -4.110119076E-3 4.104186246E-3 2.994753991E-2
7.666590000E0 -3.952299198E-3 3.189139408E-3 7.243141161E-2
7.699923000E0 -3.897511908E-3 7.556557534E-3 1.327829232E-1
7.733256000E0 -3.448533734E-3 1.389119367E-2 1.732485766E-3
7.766589000E0 -2.971441591E-3 7.868475060E-3 -1.347439823E-1
7.799922000E0 -2.923973975E-3 2.808990467E-3 -1.490249413E-1
7.833255000E0 -2.784177433E-3 -1.320857064E-4 -7.718433571E-2
7.866588000E0 -2.932779601E-3 -3.856396055E-3 -1.026218626E-1
7.899921000E0 -3.041267932E-3 -5.817444372E-3 -6.731894039E-2
7.933254000E0 -3.320605347E-3 -9.064675921E-3 -3.404080539E-2
7.966587000E0 -3.645573617E-3 -8.145372991E-3 5.130390369E-2
7.999920000E0 -3.863624783E-3 -5.270091840E-3 6.005723320E-2
