6.666600000E-2 -4.657097309E-2 2.717570578E-1 3.836037159E0
9.999900000E-2 -3.588704397E-2 4.166276357E-1 3.659303202E0
1.333320000E-1 -1.879607513E-2 5.332675551E-1 5.445699577E-1
1.666650000E-1 -3.362291406E-4 4.586605802E-1 -5.963990477E-1
1.999980000E-1 1.178099111E-2 4.509077898E-1 -2.091952583E0
2.333310000E-1 2.972398958E-2 3.803250067E-1 -2.744288632E0
2.666640000E-1 3.713573801E-2 2.118407220E-1 -3.557844573E0
2.999970000E-1 4.384656315E-2 1.675291715E-1 -2.678487622E0
3.333300000E-1 4.830423775E-2 3.869837510E-2 -4.187946758E0
3.666630000E-1 4.642642902E-2 -1.242818799E-1 -6.150712386E0
3.999960000E-1 4.001886194E-2 -3.540631202E-1 -5.821556582E0
4.333290000E-1 2.282245705E-2 -5.447863774E-1 -2.881097142E0
4.666620000E-1 3.700133309E-3 -5.365699753E-1 -2.139516018E0
4.999950000E-1 -1.294851692E-2 -6.510374935E-1 3.699854094E0
7.333260000E-1 -3.932136063E-2 3.631533948E-1 2.976405666E0
7.666590000E-1 -2.349964342E-2 3.768005180E-1 4.011322429E-1
7.999920000E-1 -1.420157729E-2 3.376246693E-1 -6.042316907E-1
8.333250000E-1 -9.915572178E-4 3.708939698E-1 1.757417901E-1
8.666580000E-1 1.052444010E-2 3.351708735E-1 -1.414089508E0
8.999910000E-1 2.135294424E-2 2.832499896E-1 -2.744528899E0
9.333240000E-1 2.940758391E-2 1.542707639E-1 -3.478915935E0
9.666570000E-1 3.163755898E-2 3.662983472E-2 -2.840155539E0
9.999900000E-1 3.184954847E-2 -2.653836232E-2 -2.671213213E0
1.033323000E0 2.986835252E-2 -1.356384331E-1 -2.798097823E0
1.066656000E0 2.280707669E-2 -2.278600832E-1 -2.080913637E0
1.099989000E0 1.467783221E-2 -2.650336930E-1 -2.117132048E0
1.133322000E0 5.138340508E-3 -3.619351777E-1 -1.154330909E0
1.166655000E0 -9.450938342E-3 -3.702427717E-1 9.391446056E-1
1.199988000E0 -1.954426411E-2 -2.734323048E-1 2.545470768E0
1.233321000E0 -2.767957638E-2 -2.070732137E-1 2.199535544E0
1.266654000E0 -3.334900697E-2 -1.266330503E-1 2.711473989E0
1.299987000E0 -3.612169531E-2 -2.717969520E-2 2.876478036E0
1.333320000E0 -3.516096853E-2 6.916071724E-2 2.672174464E0
1.366653000E0 -3.151102694E-2 1.488649026E-1 2.324419119E0
1.399986000E0 -2.523674093E-2 2.244332565E-1 1.854355228E0
1.433319000E0 -1.654895946E-2 2.751359396E-1 1.056617698E0
1.466652000E0 -6.894528386E-3 2.933186170E-1 1.366608067E-1
1.499985000E0 3.005419460E-3 2.849491345E-1 -6.964869519E-1
1.533318000E0 1.210189061E-2 2.466644823E-1 -1.603038845E0
1.566651000E0 1.944955383E-2 1.783232796E-1 -2.188668055E0
1.599984000E0 2.398999037E-2 9.793904511E-2 -2.482630960E0
1.633317000E0 2.597875822E-2 1.436688191E-2 -2.659550546E0
1.666650000E0 2.494777292E-2 -7.984822702E-2 -2.458597290E0
1.699983000E0 2.065559631E-2 -1.535090386E-1 -1.968905841E0
1.733316000E0 1.471393935E-2 -2.070711456E-1 -1.443302143E0
1.766649000E0 6.850991322E-3 -2.521106489E-1 -9.030628737E-1
1.799982000E0 -2.093269164E-3 -2.678592109E-1 1.172855544E-1
1.833315000E0 -1.100611083E-2 -2.450334165E-1 1.014353028E0
1.866648000E0 -1.842866691E-2 -1.975119556E-1 1.461190245E0
1.899981000E0 -2.417344286E-2 -1.472146945E-1 1.758275442E0
1.933314000E0 -2.824288173E-2 -8.238175992E-2 2.265448005E0
1.966647000E0 -2.966550527E-2 4.786431076E-3 2.483342207E0
1.999980000E0 -2.792378952E-2 8.621120221E-2 2.089462536E0
2.033313000E0 -2.391814926E-2 1.436501304E-1 1.563474821E0
2.066646000E0 -1.834720993E-2 1.891528486E-1 1.212403965E0
2.099979000E0 -1.130808546E-2 2.253844863E-1 7.582821377E-1
2.133312000E0 -3.321727761E-3 2.404898512E-1 8.508037051E-2
2.166645000E0 4.724410964E-3 2.307958205E-1 -8.553373994E-1
2.199978000E0 1.206450641E-2 1.853002910E-1 -1.489527788E0
2.233311000E0 1.707764016E-2 1.264551812E-1 -1.981078930E0
2.266644000E0 2.049476752E-2 5.776834134E-2 -2.089219813E0
2.299977000E0 2.092882441E-2 -1.778800805E-2 -2.164995184E0
2.333310000E0 1.930891218E-2 -8.392670394E-2 -1.695553693E0
2.366643000E0 1.533376676E-2 -1.343587432E-1 -1.540142515E0
2.399976000E0 1.035175220E-2 -1.813190464E-1 -1.224012182E0
2.433309000E0 3.245951219E-3 -2.216872973E-1 -5.449606705E-1
2.466642000E0 -4.427253161E-3 -2.173636690E-1 5.584719682E-1
2.499975000E0 -1.124481514E-2 -1.826927094E-1 1.063664768E0
2.533308000E0 -1.660664532E-2 -1.443990804E-1 1.130965113E0
2.566641000E0 -2.087132423E-2 -1.084916872E-1 1.459423732E0
2.599974000E0 -2.383935215E-2 -4.954190104E-2 1.939862815E0
2.633307000E0 -2.417408460E-2 2.441575882E-2 2.057314536E0
2.666640000E0 -2.221165117E-2 8.769582997E-2 1.589762983E0
2.699973000E0 -1.832775440E-2 1.315621246E-1 9.833386789E-1
2.733306000E0 -1.344093057E-2 1.525787075E-1 7.860646359E-1
2.766639000E0 -8.155942288E-3 1.804016997E-1 7.801971170E-1
2.799972000E0 -1.414270859E-3 2.090149837E-1 1.181150255E-1
2.833305000E0 5.778250618E-3 1.906730831E-1 -1.000339250E0
2.866638000E0 1.129714090E-2 1.381100849E-1 -1.793274459E0
2.899971000E0 1.498549754E-2 7.233731282E-2 -1.625335418E0
2.933304000E0 1.611958020E-2 2.414255388E-2 -1.546366912E0
2.966637000E0 1.659498503E-2 -2.280665474E-2 -1.539316762E0
2.999970000E0 1.459915175E-2 -8.418449722E-2 -1.708708598E0
3.033303000E0 1.098274134E-2 -1.346347762E-1 -1.193080802E0
3.066636000E0 5.623589763E-3 -1.668508708E-1 -6.162635403E-1
3.099969000E0 -1.405388123E-4 -1.736204811E-1 8.015392616E-2
3.133302000E0 -5.950993228E-3 -1.625227192E-1 4.567168986E-1
3.166635000E0 -1.097527841E-2 -1.410826002E-1 6.825386039E-1
3.199968000E0 -1.535640585E-2 -1.178846342E-1 1.028445757E0
3.233301000E0 -1.883417543E-2 -7.431527921E-2 1.550626269E0
3.266634000E0 -2.031070826E-2 -1.242291394E-2 1.701703091E0
3.299967000E0 -1.966236141E-2 4.088649868E-2 1.400751687E0
3.333300000E0 -1.758496893E-2 8.000473343E-2 1.112262513E0
3.366633000E0 -1.432876585E-2 1.146089977E-1 9.115520719E-1
3.399966000E0 -9.944445492E-3 1.416390367E-1 6.394567656E-1
3.433299000E0 -4.886257829E-3 1.569643247E-1 2.057294820E-1
3.466632000E0 5.197381768E-4 1.562483918E-1 -2.684329564E-1
3.499965000E0 5.530197461E-3 1.383393371E-1 -9.442040822E-1
3.533298000E0 9.742268422E-3 9.518239885E-2 -1.195503153E0
3.566631000E0 1.187562726E-2 5.301185374E-2 -1.388720963E0
3.599964000E0 1.327635666E-2 8.679710340E-3 -1.451638905E0
3.633297000E0 1.245426883E-2 -4.833753154E-2 -1.474235127E0
3.666630000E0 1.005388679E-2 -8.915380377E-2 -9.782676862E-1
3.699963000E0 6.510741350E-3 -1.139733870E-1 -6.353647623E-1
3.733296000E0 2.455736965E-3 -1.300553581E-1 -4.284255189E-1
3.766629000E0 -2.159529154E-3 -1.431666307E-1 -3.511273149E-3
3.799962000E0 -7.088609640E-3 -1.326138116E-1 6.057162419E-1
3.833295000E0 -1.100036152E-2 -1.002034958E-1 8.626887140E-1
3.866628000E0 -1.376877589E-2 -7.371568948E-2 8.979071276E-1
3.899961000E0 -1.591469167E-2 -4.315731770E-2 1.152000080E0
3.933294000E0 -1.664590163E-2 4.094042961E-3 1.334873308E0
3.966627000E0 -1.564175821E-2 4.772479380E-2 1.118565036E0
3.999960000E0 -1.346428053E-2 7.814311244E-2 7.847325264E-1
4.033293000E0 -1.043226947E-2 9.990946451E-2 6.239170844E-1
4.066626000E0 -6.803716168E-3 1.190120233E-1 3.455283299E-1
4.099959000E0 -2.498213924E-3 1.251422500E-1 6.430125805E-2
4.133292000E0 1.539017071E-3 1.207508381E-1 -5.028471308E-1
4.166625000E0 5.551761447E-3 9.562614256E-2 -8.159626677E-1
4.199958000E0 7.914029491E-3 6.077479550E-2 -9.978931485E-1
4.233291000E0 9.603373963E-3 3.236931374E-2 -1.060606562E0
4.266624000E0 1.007196216E-2 -1.024906554E-2 -1.260976091E0
4.299957000E0 8.920109760E-3 -5.334031537E-2 -1.146798084E0
4.333290000E0 6.515976697E-3 -8.653715036E-2 -6.624150965E-1
4.366623000E0 3.151024095E-3 -9.918702819E-2 -2.844715324E-1
4.399956000E0 -9.642572456E-5 -1.022498775E-1 -1.152181973E-1
4.433289000E0 -3.665566236E-3 -1.083207268E-1 9.902823941E-2
4.466622000E0 -7.317735298E-3 -9.709600828E-2 5.096875830E-1
4.499955000E0 -1.013856872E-2 -7.235416883E-2 7.531628664E-1
4.533288000E0 -1.214129832E-2 -4.702610698E-2 9.124732672E-1
4.566621000E0 -1.327361117E-2 -1.259890303E-2 1.015571556E0
4.599954000E0 -1.298121679E-2 2.290038583E-2 9.068527978E-1
4.633287000E0 -1.174693405E-2 4.736454779E-2 6.583975419E-1
4.666620000E0 -9.823611844E-3 6.647437275E-2 5.910906096E-1
4.699953000E0 -7.315353516E-3 8.623155332E-2 4.862568278E-1
4.733286000E0 -4.074899110E-3 1.003305962E-1 1.562099624E-1
4.766619000E0 -6.267139880E-4 9.690170595E-2 -2.856037288E-1
4.799952000E0 2.385150019E-3 8.039810423E-2 -4.344634436E-1
4.833285000E0 4.733106029E-3 6.657889874E-2 -5.996209129E-1
4.866618000E0 6.823698882E-3 4.349032445E-2 -9.098270905E-1
4.899951000E0 7.632431998E-3 3.892138356E-3 -1.202918393E0
4.933284000E0 7.083172178E-3 -3.686426230E-2 -9.430843857E-1
4.966617000E0 5.174839088E-3 -6.131371879E-2 -5.329285450E-1
4.999950000E0 2.995631801E-3 -6.998302668E-2 -2.261866462E-1
5.033283000E0 5.093506310E-4 -7.681088503E-2 -1.833329668E-1
5.066616000E0 -2.125042661E-3 -8.178819482E-2 -3.614274430E-2
5.099949000E0 -4.943141165E-3 -8.029699357E-2 2.386335242E-1
5.133282000E0 -7.478122034E-3 -6.574464162E-2 5.492995364E-1
5.166615000E0 -9.326073443E-3 -4.310206856E-2 7.250505187E-1
5.199948000E0 -1.035156454E-2 -1.728193692E-2 7.461982797E-1
5.233281000E0 -1.047819105E-2 7.167280908E-3 6.558690219E-1
5.266614000E0 -9.873750588E-3 2.645976391E-2 5.942942652E-1
5.299947000E0 -8.714224429E-3 4.599728406E-2 5.629440351E-1
5.333280000E0 -6.807295648E-3 6.490341330E-2 4.017765401E-1
5.366613000E0 -4.387373478E-3 7.328150343E-2 2.076954631E-1
5.399946000E0 -1.921910941E-3 7.736041699E-2 -1.599828234E-1
5.433279000E0 7.699360810E-4 6.564716600E-2 -3.572285827E-1
5.466612000E0 2.454523027E-3 4.896776527E-2 -3.992400397E-1
5.499945000E0 4.034421121E-3 4.157322232E-2 -6.619892664E-1
5.533278000E0 5.226043467E-3 7.440013667E-3 -9.165675944E-1
5.566611000E0 4.530417072E-3 -2.604719312E-2 -7.752166843E-1
5.599944000E0 3.489581290E-3 -4.036960367E-2 -3.171307994E-1
5.633277000E0 1.839137074E-3 -4.911841374E-2 -2.752306402E-1
5.666610000E0 2.150531198E-4 -5.622685985E-2 -1.847127193E-1
5.699943000E0 -1.909282765E-3 -6.364514161E-2 -3.952714629E-2
5.733276000E0 -4.027913891E-3 -5.848980088E-2 2.457693975E-1
5.766609000E0 -5.808563830E-3 -4.677385254E-2 3.629551349E-1
5.799942000E0 -7.146139544E-3 -3.399453981E-2 4.522414997E-1
5.833275000E0 -8.074843821E-3 -1.732679575E-2 5.291137470E-1
5.866608000E0 -8.301247710E-3 2.137425696E-3 5.874643075E-1
5.899941000E0 -7.932350200E-3 2.140641797E-2 4.828296584E-1
5.933274000E0 -6.874167449E-3 3.547189845E-2 3.786360153E-1
5.966607000E0 -5.567580617E-3 4.535634723E-2 3.380761380E-1
5.999940000E0 -3.850441205E-3 5.827198444E-2 8.922121117E-2
6.033273000E0 -1.682820503E-3 5.393950929E-2 -2.119300760E-1
6.066606000E0 -2.545098782E-4 4.036463927E-2 -2.319713356E-1
6.099939000E0 1.008128539E-3 3.916542938E-2 -2.030350129E-1
6.133272000E0 2.356492637E-3 2.916399766E-2 -4.712798795E-1
6.166605000E0 2.952375606E-3 6.030713087E-3 -6.809444417E-1
6.199938000E0 2.758536155E-3 -1.648034161E-2 -6.057180027E-1
6.233271000E0 1.853697153E-3 -3.463503370E-2 -3.485889033E-1
6.266604000E0 4.495569989E-4 -4.055928704E-2 -1.231612278E-1
6.299937000E0 -8.502282769E-4 -4.103669740E-2 8.383105046E-3
6.333270000E0 -2.286195470E-3 -4.109165206E-2 1.327479768E-2
6.366603000E0 -3.589644353E-3 -3.926844468E-2 1.483111616E-1
6.399936000E0 -4.904065603E-3 -3.252254772E-2 2.575770932E-1
6.433269000E0 -5.757792519E-3 -2.078802245E-2 3.759998739E-1
6.466602000E0 -6.289919907E-3 -8.177420492E-3 3.909553449E-1
6.499935000E0 -6.302948434E-3 5.910758343E-3 3.683146396E-1
6.533268000E0 -5.895873292E-3 1.645819432E-2 3.235423938E-1
6.566601000E0 -5.205746451E-3 2.690678488E-2 3.542418907E-1
6.599934000E0 -4.102105571E-3 4.022348428E-2 1.547352481E-1
6.633267000E0 -2.524207648E-3 3.948988081E-2 -1.299008029E-1
6.666600000E0 -1.469473177E-3 2.872224810E-2 -1.462900336E-1
6.699933000E0 -6.094102562E-4 2.949632962E-2 -8.633763235E-2
6.733266000E0 4.969291341E-4 2.553302857E-2 -2.910142658E-1
6.766599000E0 1.092774626E-3 8.691924685E-3 -4.319726598E-1
6.799932000E0 1.076384985E-3 -4.256934019E-3 -4.041042594E-1
6.833265000E0 8.089818631E-4 -1.676320798E-2 -3.524709363E-1
6.866598000E0 -4.115103828E-5 -2.918805008E-2 -2.319253156E-1
6.899931000E0 -1.136868683E-3 -3.213395343E-2 7.474478616E-3
6.933264000E0 -2.183393178E-3 -2.838309087E-2 9.972426482E-2
6.966597000E0 -3.029055819E-3 -2.481028386E-2 1.175473067E-1
6.999930000E0 -3.837395562E-3 -2.124630867E-2 1.244182982E-1
7.033263000E0 -4.445462233E-3 -1.605055932E-2 2.158818925E-1
7.066596000E0 -4.907422149E-3 -7.557512590E-3 2.798653806E-1
7.099929000E0 -4.949291367E-3 3.425469706E-3 2.996473456E-1
7.133262000E0 -4.679059786E-3 1.226252051E-2 2.451647259E-1
7.166595000E0 -4.131798175E-3 1.980434837E-2 2.472130088E-1
7.199928000E0 -3.358783097E-3 2.837630308E-2 5.448448161E-2
7.233261000E0 -2.240063554E-3 2.557538744E-2 -1.419851454E-1
7.266594000E0 -1.653774318E-3 1.610065185E-2 -1.321782365E-1
7.299927000E0 -1.166697498E-3 1.712096687E-2 -5.554379324E-2
7.333260000E0 -5.123879412E-4 1.411488770E-2 -2.032292594E-1
7.366593000E0 -2.257143941E-4 2.508747642E-3 -2.239602799E-1
7.399926000E0 -3.451397708E-4 -1.995103705E-3 -2.591154224E-1
7.433259000E0 -3.587199777E-4 -1.181232080E-2 -2.810879479E-1
7.466592000E0 -1.132619949E-3 -2.409419196E-2 -1.536823558E-1
7.499925000E0 -1.964983379E-3 -2.121551556E-2 9.173378378E-2
7.533258000E0 -2.546973509E-3 -1.686528956E-2 9.638706158E-2
7.566591000E0 -3.089324772E-3 -1.529569871E-2 5.748285811E-2
7.599924000E0 -3.566676560E-3 -1.302465543E-2 1.505855858E-1
7.633257000E0 -3.957626451E-3 -5.863606683E-3 2.054675001E-1
7.666590000E0 -3.957579763E-3 1.893332566E-3 2.264797330E-1
7.699923000E0 -3.831405542E-3 8.293544914E-3 1.305671545E-1
7.733256000E0 -3.404682298E-3 1.176381397E-2 1.740835396E-1
7.766589000E0 -3.047159120E-3 1.792931081E-2 8.480303058E-2
7.799922000E0 -2.209406863E-3 2.031236207E-2 -5.852787009E-2
7.833255000E0 -1.693015191E-3 1.210499071E-2 -1.173542378E-1
7.866588000E0 -1.402415553E-3 1.177330946E-2 -8.301028021E-2
7.899921000E0 -9.081357419E-4 8.790389354E-3 -1.542616181E-1
7.933254000E0 -8.163954558E-4 -2.442715634E-4 -1.894745500E-1
7.966587000E0 -9.244203500E-4 -3.760436036E-3 -1.192909336E-1
7.999920000E0 -1.067088685E-3 -7.462668173E-3 -1.736864691E-1
8.033253000E0 -1.421926586E-3 -1.548333308E-2 -1.572331297E-1
8.066586000E0 -2.099300568E-3 -1.905355381E-2 2.997371934E-2
8.099919000E0 -2.692150804E-3 -1.310094918E-2 1.286184834E-1
8.133252000E0 -2.972688446E-3 -9.208516084E-3 9.685965899E-2
8.166585000E0 -3.306045738E-3 -7.847010245E-3 8.071714525E-2
8.199918000E0 -3.495817231E-3 -3.423158772E-3 1.559205508E-1
8.233251000E0 -3.534254040E-3 2.383285746E-3 1.594285395E-1
8.266584000E0 -3.336933103E-3 7.644947148E-3 7.630250158E-2
8.299917000E0 -3.024595994E-3 7.696850416E-3 8.559901535E-2
8.333250000E0 -2.823814874E-3 1.180149482E-2 1.072689222E-1
8.366583000E0 -2.237837540E-3 1.684314213E-2 -4.713679537E-2
8.399916000E0 -1.700949960E-3 8.683699086E-3 -8.801808898E-2
8.433249000E0 -1.658930057E-3 7.997260266E-3 -6.331186855E-2
8.466582000E0 -1.167804607E-3 8.358868959E-3 -1.515360978E-1
8.499915000E0 -1.101677699E-3 -4.029777972E-3 -2.517951165E-1
8.533248000E0 -1.436453786E-3 -9.335835159E-3 -8.469061318E-2
8.566581000E0 -1.724060485E-3 -8.616240393E-3 -2.890875769E-2
8.599914000E0 -2.010864068E-3 -1.101613906E-2 -7.318842801E-2
8.633247000E0 -2.458462412E-3 -1.409149544E-2 2.700928218E-2
8.666580000E0 -2.950287703E-3 -9.772318772E-3 1.104754707E-1
8.699913000E0 -3.109943815E-3 -5.155863671E-3 1.043829243E-1
8.733246000E0 -3.294008510E-3 -3.866441950E-3 6.836698521E-2
8.766579000E0 -3.367704034E-3 -3.400523510E-4 1.306197240E-1
8.799912000E0 -3.316678440E-3 4.688383491E-3 1.133966416E-1
8.833245000E0 -3.055148260E-3 7.853485780E-3 -1.535749348E-1
8.866578000E0 -2.793117957E-3 -4.266313828E-3 1.886428621E-1
8.899911000E0 -3.339566338E-3 1.279389193E-2 1.621559329E-1
8.933244000E0 -1.940200357E-3 1.978644131E-2 6.316299021E-2
8.966577000E0 -2.020483441E-3 5.380883896E-3 -3.361126422E-1
8.999910000E0 -1.581478352E-3 4.074766832E-3 -9.971735708E-2
9.033243000E0 -1.748835036E-3 -4.983662544E-3 -1.387615154E-1
9.066576000E0 -1.913719199E-3 -4.001029867E-3 -6.598923392E-2
9.099909000E0 -2.015567693E-3 -8.360223781E-3 -1.025562482E-2
9.133242000E0 -2.471061877E-3 -7.251637871E-3 -1.298210938E-2
