9.999900000E-2 -4.214682831E-2 2.596291585E-1 4.313140967E0
1.333320000E-1 -3.079433060E-2 3.850866500E-1 2.722077851E0
1.666650000E-1 -1.647464170E-2 4.406696018E-1 4.880379602E-1
1.999980000E-1 -1.416650931E-3 4.190925657E-1 -4.657957880E-1
2.333310000E-1 1.146458328E-2 3.971726151E-1 -1.142013763E0
2.666640000E-1 2.506125863E-2 3.578416245E-1 -2.380703742E0
2.999970000E-1 3.532045302E-2 2.332682614E-1 -4.178313903E0
3.333300000E-1 4.061232054E-2 7.685376012E-2 -4.679089508E0
3.666630000E-1 4.044398579E-2 -8.062782367E-2 -3.698277880E0
3.999960000E-1 3.523718605E-2 -1.766658242E-1 -2.618629939E0
4.333290000E-1 2.866638196E-2 -2.436098442E-1 -2.368184548E0
4.666620000E-1 1.899669218E-2 -3.380504164E-1 -2.140009702E0
4.999950000E-1 6.129912896E-3 -3.924209062E-1 -8.984372729E-1
5.333280000E-1 -7.164439952E-3 -3.936655671E-1 5.713524640E-1
5.666610000E-1 -2.011419580E-2 -3.565078424E-1 1.864940262E0
5.999940000E-1 -3.093139177E-2 -2.688841140E-1 2.480895568E0
6.333270000E-1 -3.803962414E-2 -1.839728762E-1 2.959418504E0
6.666600000E-1 -4.319612754E-2 -8.161498056E-2 3.609117114E0
6.999930000E-1 -4.348056844E-2 6.309768426E-2 3.788853952E0
7.333260000E-1 -3.898965732E-2 1.752147881E-1 2.918698110E0
7.666590000E-1 -3.179969937E-2 2.535964251E-1 2.150666206E0
7.999920000E-1 -2.208339804E-2 3.196168271E-1 1.441253538E0
8.333250000E-1 -1.049212398E-2 3.517311436E-1 3.977182098E-1
8.666580000E-1 1.365110375E-3 3.448115461E-1 -6.329382082E-1
8.999910000E-1 1.249508255E-2 3.093555965E-1 -1.640222190E0
9.333240000E-1 2.198861057E-2 2.368594212E-1 -2.669779294E0
9.666570000E-1 2.828555273E-2 1.296453947E-1 -3.082239713E0
9.999900000E-1 3.063155045E-2 2.743152296E-2 -3.181434751E0
1.033323000E0 3.011430264E-2 -7.741099954E-2 -2.708309438E0
1.066656000E0 2.547086875E-2 -1.614983194E-1 -2.276771357E0
1.099989000E0 1.934785567E-2 -2.213182888E-1 -1.863619057E0
1.133322000E0 1.071646371E-2 -2.890213737E-1 -1.448000033E0
1.166655000E0 7.995677149E-5 -3.208226255E-1 -1.318978343E-1
1.199988000E0 -1.067149744E-2 -2.975774503E-1 1.036506362E0
1.233321000E0 -1.975834153E-2 -2.478756582E-1 1.317849001E0
1.266654000E0 -2.719637607E-2 -2.083374987E-1 2.027407295E0
1.299987000E0 -3.364736922E-2 -1.222085309E-1 2.827450884E0
1.333320000E0 -3.534352999E-2 -7.742913679E-3 3.007443061E0
1.366653000E0 -3.416355830E-2 7.479510249E-2 2.587354546E0
1.399986000E0 -3.035723969E-2 1.628823912E-1 2.235726490E0
1.433319000E0 -2.330484081E-2 2.295570223E-1 1.572119333E0
1.466652000E0 -1.505359124E-2 2.635799053E-1 7.166392548E-1
1.499985000E0 -5.733022844E-3 2.793805322E-1 -2.327797905E-3
1.533318000E0 3.571591315E-3 2.633244605E-1 -7.340610222E-1
1.566651000E0 1.182176564E-2 2.286523562E-1 -1.521863243E0
1.599984000E0 1.881492930E-2 1.651223181E-1 -2.048961214E0
1.633317000E0 2.282981010E-2 8.679346926E-2 -2.556737400E0
1.666650000E0 2.460110272E-2 -8.462851281E-4 -2.715262398E0
1.699983000E0 2.277339166E-2 -9.858805089E-2 -2.157192827E0
1.733316000E0 1.802863172E-2 -1.485593604E-1 -1.619555209E0
1.766649000E0 1.286953334E-2 -1.961687294E-1 -1.270981362E0
1.799982000E0 4.950847204E-3 -2.433963136E-1 -8.238277445E-1
1.833315000E0 -3.356725304E-3 -2.471415442E-1 2.919099914E-1
1.866648000E0 -1.152509098E-2 -2.253243394E-1 8.927869069E-1
1.899981000E0 -1.837819771E-2 -1.851982880E-1 1.356279673E0
1.933314000E0 -2.387152005E-2 -1.360103314E-1 1.608103974E0
1.966647000E0 -2.744546246E-2 -7.699766748E-2 2.342437394E0
1.999980000E0 -2.900464655E-2 1.574132204E-2 2.508275993E0
2.033313000E0 -2.639605149E-2 1.005756252E-1 1.945662901E0
2.066646000E0 -2.229967192E-2 1.403956850E-1 1.224877850E0
2.099979000E0 -1.703643275E-2 1.807776531E-1 1.092679284E0
2.133312000E0 -1.024794890E-2 2.155741220E-1 6.930256864E-1
2.166645000E0 -2.664968335E-3 2.271625321E-1 -7.570740828E-2
2.199978000E0 4.896068470E-3 2.109933209E-1 -8.056984885E-1
2.233311000E0 1.140111239E-2 1.722438978E-1 -1.513103643E0
2.266644000E0 1.637888016E-2 1.112751386E-1 -1.967859621E0
2.299977000E0 1.881938079E-2 3.842354059E-2 -2.166478182E0
2.333310000E0 1.894042392E-2 -3.249759666E-2 -2.002784806E0
2.366643000E0 1.665289601E-2 -9.646886831E-2 -1.536727108E0
2.399976000E0 1.250923034E-2 -1.360602872E-1 -1.157032326E0
2.433309000E0 7.582300901E-3 -1.698362828E-1 -8.935360893E-1
2.466642000E0 1.186924712E-3 -1.991961652E-1 -4.087177192E-1
2.499975000E0 -5.697310649E-3 -1.973443918E-1 4.171137774E-1
2.533308000E0 -1.196923651E-2 -1.702724044E-1 8.601705175E-1
2.566641000E0 -1.704869076E-2 -1.382246535E-1 1.143398365E0
2.599974000E0 -2.118412126E-2 -9.649458454E-2 1.509665685E0
2.633307000E0 -2.348159873E-2 -3.637691689E-2 1.923146704E0
2.666640000E0 -2.360922481E-2 3.196189957E-2 1.854542893E0
2.699973000E0 -2.135082674E-2 8.969903011E-2 1.512580270E0
2.733306000E0 -1.762934926E-2 1.311680715E-1 1.067856383E0
2.766639000E0 -1.260637608E-2 1.617513450E-1 6.763496735E-1
2.799972000E0 -6.846034097E-3 1.761517292E-1 3.043437119E-1
2.833305000E0 -8.630448986E-4 1.811744215E-1 -1.213790363E-1
2.866638000E0 5.232139888E-3 1.699128316E-1 -8.599984058E-1
2.899971000E0 1.046436393E-2 1.245360792E-1 -1.567071287E0
2.933304000E0 1.353446214E-2 6.228514807E-2 -1.809309786E0
2.966637000E0 1.461666561E-2 4.084704078E-3 -1.540250870E0
2.999970000E0 1.380677303E-2 -4.175278319E-2 -1.323223293E0
3.033303000E0 1.183317457E-2 -8.183043077E-2 -1.154334770E0
3.066636000E0 8.351465528E-3 -1.203992472E-1 -1.006237213E0
3.099969000E0 3.806638352E-3 -1.485004803E-1 -6.416700636E-1
3.133302000E0 -1.548467494E-3 -1.639067774E-1 -1.223706550E-1
3.166635000E0 -7.120370872E-3 -1.572646949E-1 4.738624602E-1
3.199968000E0 -1.203267565E-2 -1.313180380E-1 8.556353197E-1
3.233301000E0 -1.587481919E-2 -9.932684427E-2 1.120912081E0
3.266634000E0 -1.865439905E-2 -5.796284639E-2 1.399138986E0
3.299967000E0 -1.973897031E-2 -4.998528047E-3 1.471782313E0
3.333300000E0 -1.898763092E-2 4.165973096E-2 1.313578865E0
3.366633000E0 -1.696168269E-2 8.118580134E-2 1.111201516E0
3.399966000E0 -1.357529828E-2 1.166825445E-1 8.237673625E-1
3.433299000E0 -9.182924174E-3 1.367834152E-1 4.246306116E-1
3.466632000E0 -4.456495126E-3 1.439578529E-1 6.212665530E-2
3.499965000E0 4.141700485E-4 1.414892156E-1 -2.731048324E-1
3.533298000E0 4.976024923E-3 1.257107966E-1 -7.800538091E-1
3.566631000E0 8.794806014E-3 9.041342268E-2 -1.450077881E0
3.599964000E0 1.100352616E-2 2.904818822E-2 -1.389818015E0
3.633297000E0 1.073133253E-2 -9.265523516E-3 -1.232366454E0
3.666630000E0 1.038583077E-2 -4.338895255E-2 -1.093919130E0
3.699963000E0 7.838764619E-3 -8.958873265E-2 -9.969213767E-1
3.733296000E0 4.413308318E-3 -1.081301100E-1 -4.321186476E-1
3.766629000E0 6.301627057E-4 -1.174780984E-1 -3.421180910E-1
3.799962000E0 -3.418486587E-3 -1.300780966E-1 -3.882968494E-2
3.833295000E0 -8.041623682E-3 -1.240518423E-1 4.475205709E-1
3.866628000E0 -1.168852670E-2 -9.665116224E-2 9.268802887E-1
3.899961000E0 -1.448497006E-2 -6.360585486E-2 1.049978499E0
3.933294000E0 -1.592887462E-2 -2.525888648E-2 1.146885855E0
3.966627000E0 -1.616887899E-2 1.232449275E-2 1.106132648E0
3.999960000E0 -1.510724999E-2 4.902722061E-2 9.944991928E-1
4.033293000E0 -1.290043030E-2 7.892538160E-2 8.128960538E-1
4.066626000E0 -9.845610499E-3 1.028057473E-1 5.580219944E-1
4.099959000E0 -6.046782348E-3 1.170564575E-1 1.968115997E-1
4.133292000E0 -2.041924702E-3 1.158315458E-1 -1.327153534E-1
4.166625000E0 1.675243487E-3 1.071571135E-1 -5.344944371E-1
4.199958000E0 5.101811426E-3 8.247349179E-2 -9.774045213E-1
4.233291000E0 7.173421291E-3 3.998013273E-2 -1.081987917E0
4.266624000E0 7.767126954E-3 8.273768793E-3 -9.237443719E-1
4.299957000E0 7.725000361E-3 -1.867320639E-2 -9.478716005E-1
4.333290000E0 6.522258977E-3 -5.572288629E-2 -8.361329197E-1
4.366623000E0 4.010178424E-3 -7.726728093E-2 -5.515278938E-1
4.399956000E0 1.371158427E-3 -8.884708039E-2 -2.985494329E-1
4.433289000E0 -1.912901037E-3 -9.952033474E-2 -1.433495966E-1
4.466622000E0 -5.263464209E-3 -9.770783937E-2 2.712831159E-1
4.499955000E0 -8.426691857E-3 -8.229061408E-2 5.334275534E-1
4.533288000E0 -1.074945029E-2 -6.028796109E-2 7.804919600E-1
4.566621000E0 -1.244584907E-2 -3.206462737E-2 8.606694416E-1
4.599954000E0 -1.288707074E-2 -6.688231947E-4 8.632648527E-1
4.633287000E0 -1.249043684E-2 2.457596502E-2 7.870475900E-1
4.666620000E0 -1.124868945E-2 5.158024167E-2 6.732194301E-1
4.699953000E0 -9.051788447E-3 7.101042950E-2 4.848672200E-1
4.733286000E0 -6.514708158E-3 8.241525014E-2 2.651153118E-1
4.766619000E0 -3.557493381E-3 8.962637487E-2 1.376883113E-1
4.799952000E0 -5.396762507E-4 9.090151018E-2 -3.591948137E-1
4.833285000E0 2.502546697E-3 6.885659907E-2 -7.720085378E-1
4.866618000E0 4.050717783E-3 3.466262814E-2 -8.194561589E-1
4.899951000E0 4.813365464E-3 1.516398336E-2 -5.766043810E-1
4.933284000E0 5.061639898E-3 -2.830129007E-3 -7.196888875E-1
4.966617000E0 4.624692084E-3 -3.195666684E-2 -7.626972771E-1
4.999950000E0 2.931216746E-3 -5.674440926E-2 -4.912142250E-1
5.033283000E0 8.417692956E-4 -6.358036397E-2 -2.802523142E-1
5.066616000E0 -1.307431798E-3 -7.354045425E-2 -1.313638433E-1
5.099949000E0 -4.060878627E-3 -7.577506653E-2 1.456009505E-1
5.133282000E0 -6.359052384E-3 -6.163256821E-2 4.085058483E-1
5.166615000E0 -8.169675420E-3 -4.828913005E-2 4.434415784E-1
5.199948000E0 -9.578295527E-3 -3.275034936E-2 5.931387903E-1
5.233281000E0 -1.035301021E-2 -8.935375048E-3 7.651931994E-1
5.266614000E0 -1.017398124E-2 1.903862317E-2 6.286926366E-1
5.299947000E0 -9.083781358E-3 3.457184553E-2 4.291230013E-1
5.333280000E0 -7.869214586E-3 4.500330892E-2 3.249806627E-1
5.366613000E0 -6.083590765E-3 5.781183198E-2 5.149297106E-1
5.399946000E0 -4.015130995E-3 7.716186583E-2 7.832773113E-2
5.433279000E0 -9.395178175E-4 6.993463003E-2 -4.054769464E-1
5.466612000E0 6.471310507E-4 4.234193649E-2 -6.464010209E-1
5.499945000E0 1.883249721E-3 2.959927810E-2 -4.315051691E-1
5.533278000E0 2.620396525E-3 1.342872692E-2 -4.526537282E-1
5.566611000E0 2.778489230E-3 -1.148207831E-3 -5.340820352E-1
5.599944000E0 2.543850102E-3 -2.067126512E-2 -5.211416512E-1
5.633277000E0 1.400418669E-3 -3.836384392E-2 -4.203020154E-1
5.666610000E0 -1.371391738E-5 -4.721891647E-2 -1.900877228E-1
5.699943000E0 -1.747477616E-3 -5.184944085E-2 -1.134728293E-1
5.733276000E0 -3.470308741E-3 -5.375610353E-2 8.797809470E-2
5.766609000E0 -5.331182014E-3 -4.775276311E-2 2.301563745E-1
5.799942000E0 -6.653794446E-3 -3.629345260E-2 4.175671467E-1
5.833275000E0 -7.750721325E-3 -2.170226455E-2 4.444441553E-1
5.866608000E0 -8.100597615E-3 -4.764867357E-3 4.553122790E-1
5.899941000E0 -8.068375972E-3 7.723115947E-3 4.450697128E-1
5.933274000E0 -7.585728367E-3 2.457550143E-2 4.607762735E-1
5.966607000E0 -6.430025594E-3 3.964942736E-2 2.921214587E-1
5.999940000E0 -4.942459643E-3 4.410474817E-2 1.593265753E-1
6.033273000E0 -3.489738452E-3 4.868204633E-2 4.363459501E-2
6.066606000E0 -1.697022343E-3 4.920006149E-2 -2.092402553E-1
6.099939000E0 -2.097671531E-4 3.418550701E-2 -4.334361656E-1
6.133272000E0 5.819886680E-4 1.870024057E-2 -4.245564725E-1
6.166605000E0 1.036903085E-3 6.893624647E-3 -3.511633844E-1
6.199938000E0 1.041559049E-3 -5.161057507E-3 -3.973220936E-1
6.233271000E0 6.928360251E-4 -1.893363462E-2 -4.023234134E-1
6.266604000E0 -2.206706369E-4 -3.286560825E-2 -2.255940366E-1
6.299937000E0 -1.498182614E-3 -3.482322233E-2 -4.580622801E-2
6.333270000E0 -2.542195577E-3 -3.378635137E-2 7.566882827E-3
6.366603000E0 -3.750583514E-3 -3.561464989E-2 7.991891159E-3
6.399936000E0 -4.916481826E-3 -3.300148699E-2 2.267434818E-1
6.433269000E0 -5.950660646E-3 -2.140017299E-2 3.278494421E-1
6.466602000E0 -6.343145758E-3 -9.064376507E-3 3.568818329E-1
6.499935000E0 -6.554946371E-3 7.728730478E-4 3.088421483E-1
6.533268000E0 -6.291621404E-3 1.251471280E-2 3.045609106E-1
6.566601000E0 -5.720640527E-3 2.084619090E-2 2.535913974E-1
6.599934000E0 -4.901889241E-3 2.916569304E-2 2.426424433E-1
6.633267000E0 -3.776280435E-3 3.730164630E-2 9.036469687E-2
6.666600000E0 -2.415137688E-3 3.620343653E-2 -2.010577114E-1
6.699933000E0 -1.362742135E-3 2.325776998E-2 -3.255349401E-1
6.733266000E0 -8.646351948E-4 1.305688208E-2 -2.367605780E-1
6.766599000E0 -4.922920343E-4 8.503636596E-3 -1.634100130E-1
6.799932000E0 -2.977317575E-4 2.191341684E-3 -3.062031881E-1
6.833265000E0 -3.462040497E-4 -1.118079992E-2 -2.995112626E-1
6.866598000E0 -1.043110965E-3 -2.014328223E-2 -2.296025815E-1
6.899931000E0 -1.689076103E-3 -2.419208276E-2 -8.112278979E-2
6.933264000E0 -2.655900354E-3 -2.728186506E-2 8.350776769E-3
6.966597000E0 -3.507848919E-3 -2.284338272E-2 1.268328866E-1
6.999930000E0 -4.178777306E-3 -1.852568909E-2 1.537572694E-1
7.033263000E0 -4.742882508E-3 -1.307311646E-2 1.515872597E-1
7.066596000E0 -5.050309688E-3 -7.758082954E-3 2.048733896E-1
7.099929000E0 -5.260082866E-3 -3.898758954E-4 2.692973428E-1
7.133262000E0 -5.076301154E-3 1.090246281E-2 3.151647935E-1
7.166595000E0 -4.533259280E-3 2.068903138E-2 1.380831068E-1
7.199928000E0 -3.697046188E-3 2.115603628E-2 2.865471839E-2
7.233261000E0 -3.122870966E-3 2.039523623E-2 -7.965901226E-2
7.266594000E0 -2.337377370E-3 1.809421068E-2 -1.186607333E-1
7.299927000E0 -1.916602316E-3 1.073801292E-2 -1.915401694E-1
7.333260000E0 -1.621517000E-3 5.978463404E-3 -1.135363028E-1
7.366593000E0 -1.518042075E-3 2.678035853E-3 -9.618040672E-2
7.399926000E0 -1.442983062E-3 1.548743091E-4 -1.896085878E-1
7.433259000E0 -1.507717224E-3 -9.430813793E-3 -2.428455146E-1
7.466592000E0 -2.071697695E-3 -1.775535714E-2 -8.923570595E-2
7.499925000E0 -2.691395863E-3 -1.505406484E-2 1.903387763E-2
7.533258000E0 -3.075291981E-3 -1.487652564E-2 1.471910186E-2
7.566591000E0 -3.683154322E-3 -1.587522262E-2 1.116912734E-1
7.599924000E0 -4.133629572E-3 -7.180851532E-3 1.506895758E-1
7.633257000E0 -4.161872970E-3 -3.918314706E-3 1.529617972E-1
7.666590000E0 -4.394847940E-3 2.063285994E-4 9.737472799E-2
7.699923000E0 -4.148117868E-3 5.359644758E-3 2.028034820E-1
7.733256000E0 -4.037541863E-3 1.101524769E-2 1.017206154E-1
7.766589000E0 -3.413775365E-3 1.514225518E-2 6.524098722E-2
7.799922000E0 -3.028068279E-3 1.303547044E-2 -4.082698564E-2
7.833255000E0 -2.544752692E-3 1.349277591E-2 -1.925171601E-2
7.866588000E0 -2.128558880E-3 1.140904656E-2 -1.631929152E-1
7.899921000E0 -1.784157194E-3 3.434838057E-3 -2.210543283E-1
7.933254000E0 -1.899571966E-3 -4.934318231E-3 -1.184207278E-1
7.966587000E0 -2.113108453E-3 -4.208888871E-3 -1.855476909E-2
7.999920000E0 -2.180161752E-3 -4.918034037E-3 -1.047856299E-1
8.033253000E0 -2.440974110E-3 -1.177453031E-2 -1.093723769E-1
8.066586000E0 -2.965122589E-3 -1.327306621E-2 3.209264470E-2
8.099919000E0 -3.325836342E-3 -8.676705385E-3 2.997708376E-2
8.133252000E0 -3.543563830E-3 -1.045201276E-2 4.798220809E-2
8.166585000E0 -4.022630225E-3 -7.837832635E-3 1.149681901E-1
8.199918000E0 -4.066080781E-3 -4.784506077E-4 2.335116688E-1
8.233251000E0 -4.054526613E-3 6.196084711E-3 8.480141731E-2
8.266584000E0 -3.653012597E-3 7.392977378E-3 4.930470459E-2
8.299917000E0 -3.561666383E-3 6.745881942E-3 5.609029953E-2
8.333250000E0 -3.203291632E-3 1.266761286E-2 4.813855878E-2
8.366583000E0 -2.717167305E-3 1.051206786E-2 -5.962802352E-2
8.399916000E0 -2.502494116E-3 7.153442368E-3 -9.766481551E-2
8.433249000E0 -2.240275916E-3 5.171601744E-3 -7.784431986E-2
8.466582000E0 -2.157724114E-3 1.265057651E-3 -1.182230294E-1
8.499915000E0 -2.155939582E-3 -2.330433255E-3 -9.844003125E-2
8.533248000E0 -2.313084778E-3 -5.669204956E-3 -8.066301390E-2
8.566581000E0 -2.533882800E-3 -7.513129655E-3 -2.477075485E-2
8.599914000E0 -2.813955079E-3 -7.558712579E-3 -5.078939339E-2
8.633247000E0 -3.037791933E-3 -1.005404473E-2 2.193784593E-2
8.666580000E0 -3.484218025E-3 -7.948453684E-3 8.012441980E-2
8.699913000E0 -3.567683546E-3 -2.657935471E-3 8.623468659E-2
8.733246000E0 -3.661411952E-3 -2.995119674E-3 5.515512492E-2
8.766579000E0 -3.767356194E-3 4.677949452E-4 8.743534569E-2
8.799912000E0 -3.630225934E-3 3.928301494E-3 1.217302230E-1
8.833245000E0 -3.505472047E-3 7.475829879E-3 4.510045763E-2
8.866578000E0 -3.131842259E-3 8.425723139E-3 1.909331259E-2
8.899911000E0 -2.943762788E-3 7.197954014E-3 -2.186722904E-2
8.933244000E0 -2.651983457E-3 7.927904267E-3 -3.991034141E-2
8.966577000E0 -2.415241122E-3 4.457092440E-3 -1.415887372E-1
8.999910000E0 -2.354846932E-3 -1.653980449E-3 -4.924143006E-2
9.033243000E0 -2.525505383E-3 -1.482077266E-4 -1.212919429E-2
9.066576000E0 -2.364727348E-3 1.242887906E-4 -8.515058613E-2
9.099909000E0 -2.517219546E-3 -7.464825819E-3 -9.627799974E-2
