6.666600000E-2 -2.202248853E-2 2.535133126E-1 1.145834724E0
9.999900000E-2 -1.345457174E-2 2.776030615E-1 5.416710084E-1
1.333320000E-1 -3.515802833E-3 2.953919658E-1 -1.958626477E-1
1.666650000E-1 6.238029054E-3 2.647908131E-1 -1.093045076E0
1.999980000E-1 1.413674151E-2 2.177181058E-1 -1.356460470E0
2.333310000E-1 2.075242430E-2 1.760419249E-1 -1.803061388E0
2.666640000E-1 2.587275247E-2 1.013253050E-1 -2.281253841E0
2.999970000E-1 2.750737708E-2 1.682707662E-2 -2.667782471E0
3.333300000E-1 2.699454636E-2 -7.039985893E-2 -2.357512736E0
3.666630000E-1 2.281410008E-2 -1.482005163E-1 -1.853590756E0
3.999960000E-1 1.711461075E-2 -1.899178419E-1 -1.157151003E0
4.333290000E-1 1.015303723E-2 -2.251660425E-1 -9.233519540E-1
4.666620000E-1 2.103691360E-3 -2.519378749E-1 -4.347901570E-1
4.999950000E-1 -6.642653136E-3 -2.557560899E-1 4.240136223E-1
5.333280000E-1 -1.494654413E-2 -2.238855598E-1 1.123112018E0
5.666610000E-1 -2.156820787E-2 -1.776250468E-1 1.513352811E0
5.999940000E-1 -2.678809550E-2 -1.250941028E-1 1.812555607E0
6.333270000E-1 -2.990773132E-2 -5.614164761E-2 2.008480322E0
6.666600000E-1 -3.053083458E-2 1.079025924E-2 1.849048363E0
6.999930000E-1 -2.918838790E-2 6.646020019E-2 1.794372433E0
7.333260000E-1 -2.610019887E-2 1.285541363E-1 1.703473593E0
7.666590000E-1 -2.061819785E-2 1.837822689E-1 1.241736920E0
7.999920000E-1 -1.384817013E-2 2.106483624E-1 6.583509965E-1
8.333250000E-1 -6.575114117E-3 2.259584430E-1 -2.061384653E-2
8.666580000E-1 1.215575428E-3 2.133281904E-1 -5.658901496E-1
8.999910000E-1 7.646623023E-3 1.827510978E-1 -9.546142802E-1
9.333240000E-1 1.339886011E-2 1.525517845E-1 -1.275904059E0
9.666570000E-1 1.781664029E-2 9.831557836E-2 -1.791853455E0
9.999900000E-1 1.995316646E-2 3.091846872E-2 -1.962089335E0
1.033323000E0 1.987785093E-2 -3.272746697E-2 -1.830620149E0
1.066656000E0 1.777135715E-2 -9.110062796E-2 -1.571722370E0
1.099989000E0 1.380453646E-2 -1.383629463E-1 -1.178348594E0
1.133322000E0 8.547252966E-3 -1.695155098E-1 -8.459124379E-1
1.166655000E0 2.503615485E-3 -1.936050589E-1 -5.091726209E-1
1.199988000E0 -4.359621894E-3 -2.053640097E-1 1.298714838E-1
1.233321000E0 -1.118718159E-2 -1.857617128E-1 7.175351992E-1
1.266654000E0 -1.674361224E-2 -1.539746452E-1 9.749826560E-1
1.299987000E0 -2.145205528E-2 -1.225283226E-1 1.359588959E0
1.333320000E0 -2.491208540E-2 -6.530289174E-2 1.689506265E0
1.366653000E0 -2.580553787E-2 -4.725251218E-3 1.710594130E0
1.399986000E0 -2.522709899E-2 4.552006341E-2 1.511934874E0
1.433319000E0 -2.277089732E-2 9.755342968E-2 1.397615560E0
1.466652000E0 -1.872360205E-2 1.389801437E-1 1.010494961E0
1.499985000E0 -1.350564706E-2 1.652784154E-1 5.893832666E-1
1.533318000E0 -7.705151211E-3 1.777295905E-1 1.377591302E-1
1.566651000E0 -1.657126176E-3 1.751707718E-1 -2.415341623E-1
1.599984000E0 3.972783460E-3 1.605043418E-1 -6.477086189E-1
1.633317000E0 9.043056273E-3 1.331908287E-1 -9.202889102E-1
1.666650000E0 1.285208325E-2 9.736192046E-2 -1.381101075E0
1.699983000E0 1.553378606E-2 4.417238925E-2 -1.658469981E0
1.733316000E0 1.579687975E-2 -1.752094418E-2 -1.652379028E0
1.766649000E0 1.436573480E-2 -6.492234032E-2 -1.297701286E0
1.799982000E0 1.146876701E-2 -1.042132101E-1 -9.157498992E-1
1.833315000E0 7.418256931E-3 -1.269922039E-1 -6.764014901E-1
1.866648000E0 3.002704741E-3 -1.464074124E-1 -5.141199771E-1
1.899981000E0 -2.342139623E-3 -1.639519970E-1 -9.885064592E-2
1.933314000E0 -7.927319093E-3 -1.539761737E-1 4.799053853E-1
1.966647000E0 -1.260711522E-2 -1.291673532E-1 8.103038898E-1
1.999980000E0 -1.653838986E-2 -1.010949522E-1 9.827163782E-1
2.033313000E0 -1.934671130E-2 -6.342057116E-2 1.241770285E0
2.066646000E0 -2.076638566E-2 -1.824411929E-2 1.345744921E0
2.099979000E0 -2.056297376E-2 2.725369949E-2 1.255245404E0
2.133312000E0 -1.894949053E-2 6.555343782E-2 1.088173525E0
2.166645000E0 -1.619278827E-2 9.930408209E-2 8.739275060E-1
2.199978000E0 -1.232928459E-2 1.248331263E-1 5.786924470E-1
2.233311000E0 -7.870663077E-3 1.375242323E-1 2.631977099E-1
2.266644000E0 -3.161094121E-3 1.420682971E-1 -2.039096927E-2
2.299977000E0 1.600462020E-3 1.367246788E-1 -4.086148133E-1
2.333310000E0 5.953793313E-3 1.151709544E-1 -7.955214942E-1
2.366643000E0 9.278448866E-3 8.260457712E-2 -1.046648658E0
2.399976000E0 1.146071005E-2 4.554901646E-2 -1.280463433E0
2.433309000E0 1.231501960E-2 -2.048113091E-3 -1.384132232E0
2.466642000E0 1.132417054E-2 -4.903005090E-2 -1.151810764E0
2.499975000E0 9.046382224E-3 -7.888854343E-2 -7.013575263E-1
2.533308000E0 6.064986907E-3 -9.521926939E-2 -4.877387252E-1
2.566641000E0 2.698494411E-3 -1.102279423E-1 -4.826793057E-1
2.599974000E0 -1.283469093E-3 -1.279913594E-1 -2.497425218E-1
2.633307000E0 -5.834177553E-3 -1.290617402E-1 2.860544317E-1
2.666640000E0 -9.887499066E-3 -1.075745783E-1 6.350482100E-1
2.699973000E0 -1.300574439E-2 -8.500449020E-2 7.724387103E-1
2.733306000E0 -1.555440841E-2 -5.824420161E-2 9.423423734E-1
2.766639000E0 -1.688865234E-2 -2.092682634E-2 1.070406559E0
2.799972000E0 -1.694951621E-2 1.374600248E-2 9.931724988E-1
2.833305000E0 -1.597226133E-2 4.479362528E-2 9.080533187E-1
2.866638000E0 -1.396330439E-2 7.445309256E-2 7.818915123E-1
2.899971000E0 -1.100877147E-2 9.749539819E-2 5.003858917E-1
2.933304000E0 -7.463676176E-3 1.080712397E-1 1.957537327E-1
2.966637000E0 -3.804094199E-3 1.097729105E-1 6.346056103E-2
2.999970000E0 -1.455553259E-4 1.117652454E-1 -2.285896095E-1
3.033303000E0 3.646847651E-3 9.744264075E-2 -5.399774037E-1
3.066636000E0 6.350555762E-3 7.210158536E-2 -9.170675262E-1
3.099969000E0 8.453571940E-3 3.944233545E-2 -9.516197813E-1
3.133302000E0 8.980018497E-3 4.766596160E-3 -1.119454349E0
3.166635000E0 8.771341840E-3 -3.137199448E-2 -9.635732758E-1
3.199968000E0 6.888573113E-3 -6.399709892E-2 -6.597222582E-1
3.233301000E0 4.504911243E-3 -7.361214418E-2 -3.385619303E-1
3.266634000E0 1.981145909E-3 -8.479713384E-2 -4.348114131E-1
3.299967000E0 -1.148174482E-3 -1.035175980E-1 -2.277346686E-1
3.333300000E0 -4.919958278E-3 -1.029000471E-1 2.098576333E-1
3.366633000E0 -8.008109019E-3 -8.614872593E-2 4.576908049E-1
3.399966000E0 -1.066314924E-2 -7.295332238E-2 5.531387450E-1
3.433299000E0 -1.287161521E-2 -5.053328141E-2 7.447752636E-1
3.466632000E0 -1.403200098E-2 -2.164785303E-2 8.505343161E-1
3.499965000E0 -1.431479098E-2 5.662758321E-3 8.228583958E-1
3.533298000E0 -1.365448753E-2 3.342501163E-2 7.657235742E-1
3.566631000E0 -1.208647915E-2 5.713737522E-2 6.423060637E-1
3.599964000E0 -9.845367277E-3 7.594081738E-2 3.970967015E-1
3.633297000E0 -7.023808622E-3 8.465451220E-2 2.016762228E-1
3.666630000E0 -4.201789566E-3 8.770859911E-2 1.369485242E-1
3.699963000E0 -1.176627153E-3 9.416668664E-2 -1.896036644E-1
3.733296000E0 2.075926765E-3 7.835394931E-2 -4.660407370E-1
3.766629000E0 4.046917231E-3 5.736942682E-2 -7.167730799E-1
3.799962000E0 5.900516974E-3 3.566216521E-2 -7.393723876E-1
3.833295000E0 6.424371137E-3 4.266610600E-3 -8.892715886E-1
3.866628000E0 6.184954836E-3 -2.193607777E-2 -7.557703150E-1
3.899961000E0 4.961980576E-3 -4.719630870E-2 -5.535790456E-1
3.933294000E0 3.038565720E-3 -5.948122285E-2 -3.162282633E-1
3.966627000E0 9.966053737E-4 -6.653187300E-2 -3.210571555E-1
3.999960000E0 -1.396848125E-3 -8.084559465E-2 -1.749760169E-1
4.033293000E0 -4.393047039E-3 -8.125934107E-2 1.613829915E-1
4.066626000E0 -6.814083357E-3 -6.711791834E-2 3.596580319E-1
4.099959000E0 -8.867530183E-3 -5.752255025E-2 3.775680278E-1
4.133292000E0 -1.064888169E-2 -4.305260168E-2 5.952964154E-1
4.166625000E0 -1.173767493E-2 -1.760303428E-2 7.215114059E-1
4.199958000E0 -1.182240557E-2 6.565687484E-3 6.453615918E-1
4.233291000E0 -1.129996680E-2 2.459649829E-2 5.394850545E-1
4.266624000E0 -1.018265542E-2 4.249692352E-2 4.882208823E-1
4.299957000E0 -8.466866901E-3 5.756438835E-2 3.304758988E-1
4.333290000E0 -6.345067906E-3 6.481960053E-2 2.378106013E-1
4.366623000E0 -4.145603412E-3 7.201903177E-2 9.995506435E-2
4.399956000E0 -1.543847134E-3 7.366747287E-2 -8.600525244E-2
4.433289000E0 7.655123339E-4 6.480911088E-2 -3.480427697E-1
4.466622000E0 2.776717052E-3 5.112899800E-2 -6.286202906E-1
4.499955000E0 4.174078115E-3 2.353608717E-2 -7.354598947E-1
4.533288000E0 4.345773839E-3 -9.649821385E-4 -6.781844192E-1
4.566621000E0 4.109746615E-3 -1.908222769E-2 -5.207695953E-1
4.599954000E0 3.073638047E-3 -3.734357484E-2 -4.682130450E-1
4.633287000E0 1.620199855E-3 -4.952438567E-2 -2.430748931E-1
4.666620000E0 -2.279546480E-4 -5.448320375E-2 -1.454943700E-1
4.699953000E0 -2.011977406E-3 -5.753047949E-2 -9.180889157E-2
4.733286000E0 -4.063281594E-3 -6.184329964E-2 5.726856223E-2
4.766619000E0 -6.134822820E-3 -5.434162607E-2 2.555050598E-1
4.799952000E0 -7.686020437E-3 -4.303637077E-2 4.075887522E-1
4.833285000E0 -9.003885513E-3 -2.881584173E-2 4.543045302E-1
4.866618000E0 -9.607057342E-3 -1.117528523E-2 4.902944048E-1
4.899951000E0 -9.748897078E-3 3.244404505E-3 4.957928064E-1
4.933284000E0 -9.390765871E-3 2.149549218E-2 4.811994655E-1
4.966617000E0 -8.315878597E-3 3.668981689E-2 3.647667565E-1
4.999950000E0 -6.944802539E-3 4.499477829E-2 1.976403890E-1
5.033283000E0 -5.316256707E-3 5.014976690E-2 1.635436602E-1
5.066616000E0 -3.601518179E-3 5.518118143E-2 1.286720756E-1
5.099949000E0 -1.637548066E-3 5.952481849E-2 -9.576433525E-3
5.133282000E0 3.667633707E-4 5.492512468E-2 -3.554617038E-1
5.166615000E0 2.024090296E-3 3.618734993E-2 -5.960710268E-1
5.199948000E0 2.779229241E-3 1.338818497E-2 -5.947250669E-1
5.233281000E0 2.916627036E-3 -3.137703673E-3 -5.262185521E-1
5.266614000E0 2.570051088E-3 -2.093742964E-2 -4.546820331E-1
5.299947000E0 1.520812351E-3 -3.493058065E-2 -2.753414628E-1
5.333280000E0 2.413689979E-4 -3.872540625E-2 -1.551925385E-1
5.366613000E0 -1.060855582E-3 -4.415424911E-2 -1.078266684E-1
5.399946000E0 -2.702218173E-3 -4.755879286E-2 1.442297806E-2
5.433279000E0 -4.231410067E-3 -4.247162849E-2 1.317801732E-1
5.466612000E0 -5.533631758E-3 -3.816939943E-2 1.806443761E-1
5.499945000E0 -6.776011249E-3 -3.148532427E-2 2.953387135E-1
5.533278000E0 -7.632632386E-3 -1.804826350E-2 3.965007537E-1
5.566611000E0 -7.979216784E-3 -4.531031132E-3 3.747519003E-1
5.599944000E0 -7.934698107E-3 6.745347800E-3 3.930985483E-1
5.633277000E0 -7.529531427E-3 2.110437529E-2 3.202337267E-1
5.666610000E0 -6.527753825E-3 2.990008839E-2 2.324694416E-1
5.699943000E0 -5.536212135E-3 3.458818699E-2 1.629476826E-1
5.733276000E0 -4.221897751E-3 4.182609424E-2 1.505227822E-1
5.766609000E0 -2.747833736E-3 4.456672902E-2 7.032524617E-2
5.799942000E0 -1.250812194E-3 4.610054243E-2 -1.377623848E-1
5.833275000E0 3.255050249E-4 3.712539379E-2 -4.031666229E-1
5.866608000E0 1.224189308E-3 1.750042677E-2 -5.009630344E-1
5.899941000E0 1.492188476E-3 3.172656672E-3 -4.142544287E-1
5.933274000E0 1.435697638E-3 -9.097872635E-3 -4.372917096E-1
5.966607000E0 8.856696988E-4 -2.603733658E-2 -2.882904230E-1
5.999940000E0 -3.001074423E-4 -3.068281250E-2 -7.836921676E-2
6.033273000E0 -1.159830679E-3 -2.816339977E-2 -2.962899107E-2
6.066606000E0 -2.177648652E-3 -3.359687540E-2 -9.958670599E-2
6.099939000E0 -3.399599975E-3 -3.550358164E-2 4.442686140E-2
6.133272000E0 -4.544530425E-3 -3.042767208E-2 1.312078652E-1
6.166605000E0 -5.428091162E-3 -2.588957358E-2 2.410891149E-1
6.199938000E0 -6.270484738E-3 -1.605552422E-2 2.951081851E-1
6.233271000E0 -6.498448739E-3 -4.066833705E-3 2.888195215E-1
6.266604000E0 -6.541604274E-3 2.178190087E-3 1.954729235E-1
6.299937000E0 -6.353237519E-3 9.072074002E-3 2.405681510E-1
6.333270000E0 -5.936805388E-3 1.792169932E-2 2.664697237E-1
6.366603000E0 -5.158469512E-3 2.733029101E-2 1.768146625E-1
6.399936000E0 -4.114804208E-3 3.022577544E-2 2.120463600E-2
6.433269000E0 -3.143437967E-3 2.802496734E-2 5.212934774E-2
6.466602000E0 -2.246491735E-3 3.270846800E-2 -1.021912577E-2
6.499935000E0 -9.628952392E-4 3.032876361E-2 -1.837606243E-1
6.533268000E0 -2.245943798E-4 1.789944727E-2 -3.943998412E-1
6.566601000E0 2.303893126E-4 5.197436270E-3 -3.585131035E-1
6.599934000E0 1.218979065E-4 -7.239713466E-3 -3.120089320E-1
6.633267000E0 -2.522534253E-4 -1.499537212E-2 -2.009587672E-1
6.666600000E0 -8.777835715E-4 -2.084755096E-2 -1.526819383E-1
6.699933000E0 -1.642076257E-3 -2.494245892E-2 -8.715726170E-2
6.733266000E0 -2.540597538E-3 -2.693839824E-2 3.167999890E-2
6.766599000E0 -3.437951514E-3 -2.308572260E-2 1.062249383E-1
6.799932000E0 -4.079630320E-3 -1.882442251E-2 9.224551215E-2
6.833265000E0 -4.692900465E-3 -1.749172111E-2 3.876586828E-2
6.866598000E0 -5.245733400E-3 -1.610981919E-2 1.716486842E-1
6.899931000E0 -5.766877672E-3 -7.241313983E-3 2.851157894E-1
6.933264000E0 -5.728482838E-3 4.718354128E-3 2.141193580E-1
6.966597000E0 -5.452323875E-3 7.032105792E-3 1.350604134E-1
6.999930000E0 -5.259680473E-3 1.197042649E-2 1.668212305E-1
7.033263000E0 -4.654303423E-3 1.985878024E-2 1.990720647E-1
7.066596000E0 -3.935775030E-3 2.443149103E-2 6.117691164E-2
7.099929000E0 -3.025553642E-3 2.486510957E-2 9.242434495E-3
7.133262000E0 -2.278117635E-3 2.374972509E-2 -1.237222513E-1
7.166595000E0 -1.442254469E-3 1.831126074E-2 -1.920177306E-1
7.199928000E0 -1.057379127E-3 9.166360308E-3 -2.601622680E-1
7.233261000E0 -8.311698929E-4 1.945272486E-3 -2.187647330E-1
7.266594000E0 -9.276955911E-4 -6.015324364E-3 -2.001123619E-1
7.299927000E0 -1.232187507E-3 -1.128759413E-2 -1.756286357E-1
7.333260000E0 -1.680194341E-3 -1.733659831E-2 -9.765678236E-2
7.366593000E0 -2.387949170E-3 -1.893231224E-2 -2.853556912E-2
7.399926000E0 -2.942335869E-3 -1.785088405E-2 2.986492828E-2
7.433259000E0 -3.577996206E-3 -1.779976723E-2 4.214746579E-2
7.466592000E0 -4.128975151E-3 -1.475718967E-2 1.252108132E-1
7.499925000E0 -4.561799013E-3 -9.609704185E-3 1.192581186E-1
7.533258000E0 -4.769615690E-3 -6.112964891E-3 1.286813780E-1
7.566591000E0 -4.969325930E-3 -2.042566646E-3 1.267366608E-1
7.599924000E0 -4.905785438E-3 3.254333295E-3 2.238995222E-1
7.633257000E0 -4.752372547E-3 1.169215794E-2 1.682778744E-1
7.666590000E0 -4.126316037E-3 1.661530706E-2 6.235534223E-2
7.699923000E0 -3.644696486E-3 1.424622850E-2 4.316823459E-3
7.733256000E0 -3.176576967E-3 1.676586800E-2 4.456819705E-2
7.766589000E0 -2.526983130E-3 1.820708500E-2 -2.510157314E-2
7.799922000E0 -1.962783439E-3 1.466116171E-2 -1.830777680E-1
7.833255000E0 -1.549582124E-3 6.395156182E-3 -1.948490905E-1
7.866588000E0 -1.536443957E-3 2.945748070E-4 -1.497310056E-1
7.899921000E0 -1.529944000E-3 -2.388852206E-3 -1.575635237E-1
7.933254000E0 -1.695699178E-3 -1.018846527E-2 -1.496217374E-1
7.966587000E0 -2.209168225E-3 -1.372457970E-2 -4.971274129E-2
7.999920000E0 -2.610662009E-3 -1.224852330E-2 -1.529545567E-2
8.033253000E0 -3.025728279E-3 -1.471860037E-2 -4.155346316E-2
8.066586000E0 -3.591892221E-3 -1.580569494E-2 9.371927481E-2
8.099919000E0 -4.079430738E-3 -8.662000766E-3 1.281512701E-1
8.133252000E0 -4.169353164E-3 -5.348128431E-3 8.865413982E-2
8.166585000E0 -4.435969068E-3 -4.815775334E-3 7.522839771E-2
8.199918000E0 -4.490401642E-3 6.315417772E-4 1.344496852E-1
8.233251000E0 -4.393866704E-3 4.159312204E-3 8.665991595E-2
8.266584000E0 -4.213116935E-3 6.318270539E-3 7.891307252E-2
8.299917000E0 -3.972652880E-3 9.210390353E-3 9.702562629E-2
8.333250000E0 -3.599097052E-3 1.297624043E-2 9.386748774E-2
8.366583000E0 -3.107578836E-3 1.557066580E-2 -3.187195338E-2
8.399916000E0 -2.561063045E-3 1.152954768E-2 -9.652730348E-2
8.433249000E0 -2.338950010E-3 7.506917740E-3 -1.157212167E-1
8.466582000E0 -2.060606867E-3 5.200940902E-3 -1.440969973E-1
8.499915000E0 -1.992224084E-3 -2.473374826E-3 -1.783691939E-1
8.533248000E0 -2.225496873E-3 -7.466264112E-3 -7.842229038E-2
8.566581000E0 -2.489970047E-3 -7.281967910E-3 -8.710821886E-3
8.599914000E0 -2.710956546E-3 -7.648236981E-3 -7.079891026E-2
8.633247000E0 -2.999847414E-3 -1.192115090E-2 -2.170110549E-2
8.666580000E0 -3.505691992E-3 -1.054129124E-2 5.437933111E-3
8.699913000E0 -3.702593136E-3 -9.286842380E-3 8.141314011E-2
8.733246000E0 -4.124808626E-3 -7.482113394E-3 9.476112202E-2
8.766579000E0 -4.201395707E-3 -1.166926546E-3 1.224868910E-1
8.799912000E0 -4.202602952E-3 2.282382294E-4 3.697600264E-2
8.833245000E0 -4.186179978E-3 1.122213329E-3 8.623948786E-2
8.866578000E0 -4.127789478E-3 5.573584307E-3 7.686998572E-2
8.899911000E0 -3.814611406E-3 7.517176885E-3 8.849074343E-2
8.933244000E0 -3.626649364E-3 9.796363114E-3 -1.690336923E-2
8.966577000E0 -3.161527063E-3 8.609879596E-3 2.768054924E-2
8.999910000E0 -3.052663130E-3 8.739081192E-3 -4.591323198E-2
9.033243000E0 -2.578927476E-3 8.668199792E-3 -6.290458805E-2
9.066576000E0 -2.474788923E-3 2.297677604E-3 -1.323881071E-1
9.099909000E0 -2.425750501E-3 5.323823198E-4 -8.725283809E-2
9.133242000E0 -2.439297123E-3 -3.261412914E-3 -1.384962251E-1
9.166575000E0 -2.643175854E-3 -8.973988444E-3 -3.867860546E-2
9.199908000E0 -3.037557037E-3 -6.946425012E-3 3.627474471E-2
9.233241000E0 -3.106266224E-3 -4.415418438E-3 6.781733840E-3
9.266574000E0 -3.331915323E-3 -7.727888932E-3 -5.889264728E-2
9.299907000E0 -3.621453668E-3 -8.329962652E-3 5.105615330E-2
9.333240000E0 -3.887240613E-3 -4.571505823E-3 1.139863537E-1
9.366573000E0 -3.926217675E-3 2.026595465E-5 6.928084844E-2
9.399906000E0 -3.885889563E-3 6.463134584E-5 -8.104543362E-4
9.433239000E0 -3.921908962E-3 -5.996221369E-4 7.719119543E-2
9.466572000E0 -3.925863972E-3 4.807891371E-3 1.244431340E-1
9.499905000E0 -3.601386075E-3 9.122759519E-3 -9.457670291E-3
9.533238000E0 -3.317686086E-3 3.950362095E-3 -3.822519786E-2
9.566571000E0 -3.338031236E-3 4.612617256E-3 7.394662120E-2
9.599904000E0 -3.010181344E-3 1.087536080E-2 1.669293747E-2
9.633237000E0 -2.613014433E-3 6.106245041E-3 -1.412508185E-1
9.666570000E0 -2.603102412E-3 -2.686286000E-4 -1.102731730E-1
9.699903000E0 -2.630922827E-3 -6.092884971E-4 -5.525756514E-3
9.733236000E0 -2.643721239E-3 -4.782950150E-4 -6.980467302E-2
9.766569000E0 -2.662808843E-3 -4.728356455E-3 -8.216724604E-2
9.799902000E0 -2.958941850E-3 -7.349197739E-3 7.371684520E-3
9.833235000E0 -3.152750459E-3 -3.530905164E-3 1.761091069E-2
9.866568000E0 -3.194333174E-3 -5.180199261E-3 -5.215690101E-2
9.899901000E0 -3.498093623E-3 -8.539713307E-3 2.329854077E-2
9.933234000E0 -3.763641701E-3 -3.534535654E-3 1.268479190E-1
9.966567000E0 -3.733726977E-3 1.075667815E-3 3.150041945E-2
