6.666600000E-2 1.270746655E-2 2.766321276E-1 -1.393113885E0
9.999900000E-2 2.158058010E-2 2.222226343E-1 -2.230862533E0
1.333320000E-1 2.752216069E-2 1.245130642E-1 -2.732816321E0
1.666650000E-1 2.988136803E-2 3.594187492E-2 -2.510779212E0
1.999980000E-1 2.991826172E-2 -3.936511843E-2 -2.113862021E0
2.333310000E-1 2.725705305E-2 -1.076014800E-1 -2.101405895E0
2.666640000E-1 2.274490146E-2 -1.758281138E-1 -2.049854215E0
2.999970000E-1 1.553529601E-2 -2.474062197E-1 -1.747632796E0
3.333300000E-1 6.251318417E-3 -2.933302875E-1 -7.638808634E-1
3.666630000E-1 -4.019860932E-3 -2.993695783E-1 2.204603969E-1
3.999960000E-1 -1.370645389E-2 -2.760857845E-1 9.902862319E-1
4.333290000E-1 -2.242539584E-2 -2.343460040E-1 1.174584823E0
4.666620000E-1 -2.932936459E-2 -1.939565865E-1 1.768011768E0
4.999950000E-1 -3.535570564E-2 -1.246307419E-1 2.615837543E0
5.333280000E-1 -3.763799763E-2 -1.328694039E-2 3.001880148E0
5.666610000E-1 -3.624149281E-2 7.806843440E-2 2.445871611E0
5.999940000E-1 -3.243348738E-2 1.474739122E-1 1.942970026E0
6.333270000E-1 -2.640999698E-2 2.080235227E-1 1.560693280E0
6.666600000E-1 -1.856539122E-2 2.521719448E-1 8.422965411E-1
6.999930000E-1 -9.598702104E-3 2.655727056E-1 3.803476137E-2
7.333260000E-1 -8.607212257E-4 2.526752881E-1 -5.161640296E-1
7.666590000E-1 7.246148655E-3 2.307300585E-1 -9.573334401E-1
7.999920000E-1 1.452112885E-2 1.905921609E-1 -1.564410649E0
8.333250000E-1 1.995216565E-2 1.256439694E-1 -2.112061026E0
8.666580000E-1 2.289730972E-2 4.874545113E-2 -2.174312745E0
8.999910000E-1 2.320182990E-2 -2.099454953E-2 -2.014266099E0
9.333240000E-1 2.149768708E-2 -8.381735277E-2 -1.783805727E0
9.666570000E-1 1.761406226E-2 -1.413951216E-1 -1.680657536E0
9.999900000E-1 1.207143991E-2 -1.942973345E-1 -1.398777217E0
1.033323000E0 4.661036155E-3 -2.369981438E-1 -6.524964707E-1
1.066656000E0 -3.728278349E-3 -2.397011521E-1 2.061517722E-1
1.099989000E0 -1.131888085E-2 -2.189823441E-1 6.894042052E-1
1.133322000E0 -1.832695530E-2 -1.951173049E-1 8.189994292E-1
1.166655000E0 -2.432657110E-2 -1.636443396E-1 1.488278719E0
1.199988000E0 -2.923646884E-2 -1.001289473E-1 2.082117334E0
1.233321000E0 -3.100176750E-2 -1.860398066E-2 2.232022920E0
1.266654000E0 -3.047672182E-2 4.724884196E-2 1.841118599E0
1.299987000E0 -2.785187620E-2 1.045421873E-1 1.721231679E0
1.333320000E0 -2.350731236E-2 1.605510348E-1 1.378630106E0
1.366653000E0 -1.714858091E-2 2.000678807E-1 8.266969493E-1
1.399986000E0 -1.016958702E-2 2.134265562E-1 1.992729019E-1
1.433319000E0 -2.920286118E-3 2.137193399E-1 -3.374855786E-1
1.466652000E0 4.078226497E-3 1.918591634E-1 -8.653051109E-1
1.499985000E0 9.870196866E-3 1.541945559E-1 -9.890300242E-1
1.533318000E0 1.435776076E-2 1.243831758E-1 -1.331735627E0
1.566651000E0 1.816232567E-2 7.138821085E-2 -1.824736733E0
1.599984000E0 1.911692722E-2 -3.433674678E-3 -2.075571945E0
1.633317000E0 1.793341631E-2 -6.572161248E-2 -1.604170233E0
1.666650000E0 1.473553021E-2 -1.121173008E-1 -1.191138810E0
1.699983000E0 1.045900433E-2 -1.432938941E-1 -1.029646309E0
1.733316000E0 5.182699464E-3 -1.796778190E-1 -7.821907442E-1
1.766649000E0 -1.519397146E-3 -1.996147762E-1 -1.188996017E-1
1.799982000E0 -8.124819207E-3 -1.858884934E-1 5.417679508E-1
1.833315000E0 -1.391183944E-2 -1.618738867E-1 7.617826610E-1
1.866648000E0 -1.891630374E-2 -1.355823876E-1 1.164336222E0
1.899981000E0 -2.295057489E-2 -8.667843168E-2 1.581956223E0
1.933314000E0 -2.469480807E-2 -2.612707408E-2 1.638487613E0
1.966647000E0 -2.469236242E-2 2.199927880E-2 1.454198968E0
1.999980000E0 -2.322820414E-2 6.966330507E-2 1.435656313E0
2.033313000E0 -2.004818852E-2 1.186141184E-1 1.206551517E0
2.066646000E0 -1.532067532E-2 1.516511209E-1 7.115326515E-1
2.099979000E0 -9.938214892E-3 1.650319281E-1 2.870863291E-1
2.133312000E0 -4.318656804E-3 1.701759062E-1 -8.288213258E-2
2.166645000E0 1.406732070E-3 1.609909242E-1 -5.069732976E-1
2.199978000E0 6.413964151E-3 1.352165298E-1 -8.618701081E-1
2.233311000E0 1.042107724E-2 1.032147033E-1 -1.009577940E0
2.266644000E0 1.329487556E-2 6.782512633E-2 -1.383064231E0
2.299977000E0 1.494270711E-2 1.334192061E-2 -1.721923335E0
2.333310000E0 1.418432804E-2 -5.066615731E-2 -1.494527853E0
2.366643000E0 1.156499707E-2 -8.779527776E-2 -9.113885270E-1
2.399976000E0 8.331368050E-3 -1.084372379E-1 -6.914288404E-1
2.433309000E0 4.335920170E-3 -1.338419220E-1 -7.231730185E-1
2.466642000E0 -5.913375243E-4 -1.576105523E-1 -2.500137366E-1
2.499975000E0 -6.171344909E-3 -1.533215825E-1 3.387762950E-1
2.533308000E0 -1.081267414E-2 -1.308086428E-1 6.411824942E-1
2.566641000E0 -1.489183389E-2 -1.117033310E-1 8.277779592E-1
2.599974000E0 -1.825948841E-2 -7.718573546E-2 1.253161594E0
2.633307000E0 -2.003749813E-2 -2.668051389E-2 1.247574977E0
2.666640000E0 -2.003817155E-2 8.918899365E-3 1.205095007E0
2.699973000E0 -1.944291079E-2 4.808554293E-2 1.130539183E0
2.733306000E0 -1.683250074E-2 8.998012965E-2 9.530307324E-1
2.766639000E0 -1.344429546E-2 1.095119690E-1 5.649890406E-1
2.799972000E0 -9.531775817E-3 1.268698912E-1 3.336649363E-1
2.833305000E0 -4.986387297E-3 1.337221263E-1 1.893192306E-2
2.866638000E0 -6.170565435E-4 1.266537959E-1 -2.512812593E-1
2.899971000E0 3.457114657E-3 1.168504807E-1 -4.939742634E-1
2.933304000E0 7.172897601E-3 9.515097984E-2 -8.954820350E-1
2.966637000E0 9.800449879E-3 5.645273939E-2 -1.356221527E0
2.999970000E0 1.093637592E-2 4.851539911E-3 -1.311853744E0
3.033303000E0 1.012388264E-2 -3.468458820E-2 -1.029802274E0
3.066636000E0 8.624093168E-3 -6.037443162E-2 -7.575449892E-1
3.099969000E0 6.098960781E-3 -8.656441944E-2 -6.718648304E-1
3.133302000E0 2.853189581E-3 -1.049709999E-1 -5.350491336E-1
3.166635000E0 -8.990359014E-4 -1.215737519E-1 -2.143066084E-1
3.199968000E0 -5.251646163E-3 -1.219750246E-1 2.211443664E-1
3.233301000E0 -9.030622893E-3 -1.043714984E-1 5.291936550E-1
3.266634000E0 -1.220967647E-2 -8.660623482E-2 6.696497963E-1
3.299967000E0 -1.480431414E-2 -6.092582106E-2 8.149050315E-1
3.333300000E0 -1.627135726E-2 -3.061353960E-2 9.332342846E-1
3.366633000E0 -1.684519637E-2 2.113981443E-4 9.782603699E-1
3.399966000E0 -1.625726419E-2 3.516444988E-2 9.709152159E-1
3.433299000E0 -1.450092316E-2 6.561070668E-2 7.005772890E-1
3.466632000E0 -1.188326082E-2 8.249102416E-2 4.680507021E-1
3.499965000E0 -9.001576542E-3 9.489357559E-2 2.297886630E-1
3.533298000E0 -5.557085708E-3 1.001163202E-1 4.665246433E-2
3.566631000E0 -2.327221941E-3 9.600522302E-2 -1.427526903E-1
3.599964000E0 8.431984904E-4 9.134333372E-2 -2.047536140E-1
3.633297000E0 3.762272745E-3 8.217626647E-2 -6.277966517E-1
3.666630000E0 6.321561471E-3 5.202381014E-2 -1.046091710E0
3.699963000E0 7.230492072E-3 8.777050563E-3 -1.099760056E0
3.733296000E0 6.906692324E-3 -2.137378832E-2 -8.581411221E-1
3.766629000E0 5.805587099E-3 -4.711053035E-2 -7.106104723E-1
3.799962000E0 3.766021707E-3 -6.986417299E-2 -5.497253999E-1
3.833295000E0 1.148022143E-3 -8.351582435E-2 -2.645134093E-1
3.866628000E0 -1.801644239E-3 -8.778149357E-2 -1.230055234E-1
3.899961000E0 -4.704018907E-3 -9.033638340E-2 5.159990825E-2
3.933294000E0 -7.824009575E-3 -8.640366533E-2 2.845387221E-1
3.966627000E0 -1.046420566E-2 -7.013996192E-2 5.791320176E-1
3.999960000E0 -1.249996028E-2 -4.808794577E-2 6.479149035E-1
4.033293000E0 -1.367003665E-2 -2.585265212E-2 7.487653684E-1
4.066626000E0 -1.422345318E-2 2.145923900E-4 7.392064682E-1
4.099959000E0 -1.365573064E-2 2.567592113E-2 6.653507514E-1
4.133292000E0 -1.251174222E-2 4.334836866E-2 5.210182630E-1
4.166625000E0 -1.076586829E-2 6.058253575E-2 4.603994928E-1
4.199958000E0 -8.472946896E-3 7.430763418E-2 3.365066317E-1
4.233291000E0 -5.812075551E-3 8.297154518E-2 1.108473093E-1
4.266624000E0 -2.941565865E-3 8.234596585E-2 -1.067062088E-1
4.299957000E0 -3.223993917E-4 7.486198563E-2 -3.258199609E-1
4.333290000E0 2.049183269E-3 6.148309436E-2 -5.512510921E-1
4.366623000E0 3.776432577E-3 3.787344501E-2 -8.062012811E-1
4.399956000E0 4.574054354E-3 7.482880379E-3 -8.002062343E-1
4.433289000E0 4.275286280E-3 -1.702779132E-2 -7.180515897E-1
4.466622000E0 3.438879618E-3 -3.843537322E-2 -6.296337610E-1
4.499955000E0 1.712953689E-3 -6.042752131E-2 -3.891711140E-1
4.533288000E0 -5.895815171E-4 -6.546140735E-2 -1.141915681E-1
4.566621000E0 -2.651096493E-3 -6.528095970E-2 2.812519909E-2
4.599954000E0 -4.941601976E-3 -6.553823312E-2 5.136994505E-2
4.633287000E0 -7.020268342E-3 -6.069560027E-2 1.534241938E-1
4.666620000E0 -8.987934864E-3 -5.575607082E-2 3.375575934E-1
4.699953000E0 -1.073730256E-2 -3.936767999E-2 5.466994248E-1
4.733286000E0 -1.161242062E-2 -1.730865210E-2 6.635062901E-1
4.766619000E0 -1.189120116E-2 3.809042652E-3 5.624758975E-1
4.799952000E0 -1.135848698E-2 2.158838508E-2 4.169168685E-1
4.833285000E0 -1.045198988E-2 3.093235006E-2 4.134340913E-1
4.866618000E0 -9.296350932E-3 4.757371512E-2 4.747758121E-1
4.899951000E0 -7.280440589E-3 6.507942880E-2 2.634568227E-1
4.933284000E0 -4.957765732E-3 6.524263295E-2 4.464364220E-2
4.966617000E0 -2.930975221E-3 6.546446044E-2 -1.152821671E-1
4.999950000E0 -5.935120127E-4 6.084797563E-2 -4.525281000E-1
5.033283000E0 1.125515923E-3 3.442894099E-2 -5.942675038E-1
5.066616000E0 1.701727767E-3 1.761151150E-2 -4.418980920E-1
5.099949000E0 2.299604949E-3 8.814301715E-3 -4.437754533E-1
5.133282000E0 2.289342005E-3 -1.283622762E-2 -6.334397324E-1
5.166615000E0 1.443864998E-3 -3.440014796E-2 -4.554059287E-1
5.199948000E0 -3.978258175E-6 -4.391909985E-2 -2.335026870E-1
5.233281000E0 -1.484045712E-3 -4.826268572E-2 -1.121927015E-1
5.266614000E0 -3.221458465E-3 -5.239371770E-2 -6.208034332E-2
5.299947000E0 -4.976925297E-3 -5.201940982E-2 7.523925697E-2
5.333280000E0 -6.689384440E-3 -4.768224404E-2 1.903397283E-1
5.366613000E0 -8.155709778E-3 -3.907034803E-2 4.130724875E-1
5.399946000E0 -9.294048262E-3 -2.112666389E-2 4.797410585E-1
5.433279000E0 -9.564139953E-3 -4.573816738E-3 3.953585508E-1
5.466612000E0 -9.598966328E-3 3.700195122E-3 3.411048549E-1
5.499945000E0 -9.317462745E-3 1.769626590E-2 4.517495175E-1
5.533278000E0 -8.419227066E-3 3.467752376E-2 3.665647216E-1
5.566611000E0 -7.005650946E-3 4.294408613E-2 1.495056751E-1
5.599944000E0 -5.556316620E-3 4.366679015E-2 1.549236361E-1
5.633277000E0 -4.094560714E-3 5.207437065E-2 7.510242577E-2
5.666610000E0 -2.084726626E-3 5.215834864E-2 -2.997217646E-1
5.699943000E0 -6.173722430E-4 3.052213742E-2 -5.501631582E-1
5.733276000E0 -4.993781335E-5 1.331635153E-2 -2.625857689E-1
5.766609000E0 2.703756481E-4 1.335136161E-2 -2.665995754E-1
5.799942000E0 8.401440597E-4 -3.642040151E-4 -4.445668467E-1
5.833275000E0 2.460956233E-4 -2.131015876E-2 -4.118587313E-1
5.866608000E0 -5.805189843E-4 -2.613332015E-2 -1.570893637E-1
5.899941000E0 -1.496108298E-3 -3.114093031E-2 -1.912144620E-1
5.933274000E0 -2.656560244E-3 -3.912387367E-2 -1.013852942E-1
5.966607000E0 -4.104340460E-3 -3.920999690E-2 3.767970097E-2
5.999940000E0 -5.270533898E-3 -3.481399114E-2 8.164478547E-2
6.033273000E0 -6.425249993E-3 -3.436135111E-2 2.264418920E-1
6.066606000E0 -7.561267731E-3 -2.146477378E-2 4.008921678E-1
6.099939000E0 -7.856220602E-3 -4.668158935E-3 3.341868493E-1
6.133272000E0 -7.872475214E-3 1.195220040E-4 2.270475300E-1
6.166605000E0 -7.848252548E-3 8.879730497E-3 2.285058761E-1
6.199938000E0 -7.280499101E-3 1.752541977E-2 2.913878759E-1
6.233271000E0 -6.679902914E-3 2.612350963E-2 2.253763688E-1
6.266604000E0 -5.538949208E-3 3.472496506E-2 2.119529931E-1
6.299937000E0 -4.364928393E-3 3.873531638E-2 -2.999956454E-2
6.333270000E0 -2.956620606E-3 3.473217782E-2 -2.197597182E-1
6.366603000E0 -2.049473026E-3 2.215738854E-2 -3.277459306E-1
6.399936000E0 -1.479476142E-3 1.308520089E-2 -1.188728302E-1
6.433269000E0 -1.177135024E-3 1.321577113E-2 -2.611806851E-1
6.466602000E0 -5.984335442E-4 -7.746327808E-5 -3.793059822E-1
6.499935000E0 -1.182299191E-3 -1.762953055E-2 -3.767250094E-1
6.533268000E0 -1.773723827E-3 -2.210956207E-2 -3.326411338E-2
6.566601000E0 -2.656255255E-3 -2.175324052E-2 -2.880690365E-2
6.599934000E0 -3.223925360E-3 -2.142846444E-2 -1.090165933E-1
6.633267000E0 -4.084805265E-3 -3.031157370E-2 -4.201952417E-2
6.666600000E0 -5.244676732E-3 -2.612203797E-2 1.454779271E-1
6.699933000E0 -5.826257049E-3 -1.748821915E-2 2.185936032E-1
6.733266000E0 -6.410546350E-3 -1.339118955E-2 1.185721089E-1
6.766599000E0 -6.718994091E-3 -8.502749577E-3 2.293685032E-1
6.799932000E0 -6.977390653E-3 3.638936086E-4 2.224474280E-1
6.833265000E0 -6.694734760E-3 8.531154621E-3 2.278336851E-1
6.866598000E0 -6.408652699E-3 1.367975552E-2 1.855169444E-1
6.899931000E0 -5.782760178E-3 2.190147209E-2 1.763048000E-1
6.933264000E0 -4.948569161E-3 2.552635369E-2 7.775125945E-2
6.966597000E0 -4.081020283E-3 2.668710332E-2 -6.003745106E-2
6.999930000E0 -3.169446730E-3 2.235439244E-2 -2.052778739E-1
7.033263000E0 -2.590742357E-3 1.221613662E-2 -2.049466212E-1
7.066596000E0 -2.355045767E-3 7.826708315E-3 -2.141426672E-1
7.099929000E0 -2.068967020E-3 1.024758981E-4 -2.089100111E-1
7.133262000E0 -2.348214108E-3 -8.599573290E-3 -2.258900278E-1
7.166595000E0 -2.642266173E-3 -1.318534906E-2 -1.090071624E-1
7.199928000E0 -3.227228589E-3 -1.714011029E-2 -6.716905123E-2
7.233261000E0 -3.784928766E-3 -1.689903570E-2 -2.925477128E-3
7.266594000E0 -4.353819703E-3 -1.739469295E-2 -8.311683047E-3
7.299927000E0 -4.944563366E-3 -1.754777612E-2 6.330948024E-2
7.333260000E0 -5.523659745E-3 -1.361432136E-2 1.201431692E-1
7.366593000E0 -5.852175714E-3 -8.660122794E-3 1.517551470E-1
7.399926000E0 -6.100995492E-3 -4.164298901E-3 1.222875555E-1
7.433259000E0 -6.129792865E-3 1.234311425E-4 1.372908343E-1
7.466592000E0 -6.092766831E-3 4.337933498E-3 1.111831942E-1
7.499925000E0 -5.840600190E-3 8.222623304E-3 1.536083745E-1
7.533258000E0 -5.544597426E-3 1.362710662E-2 1.248284607E-1
7.566591000E0 -4.932135500E-3 1.787767814E-2 6.360181720E-2
7.599924000E0 -4.352764135E-3 1.708899384E-2 -1.890582654E-2
7.633257000E0 -3.792880637E-3 1.662868882E-2 -1.444322379E-1
7.666590000E0 -3.244195966E-3 8.579872173E-3 -2.100889024E-1
7.699923000E0 -3.220894879E-3 4.332091158E-4 -1.403156884E-1
7.733256000E0 -3.215315647E-3 2.619569578E-4 -7.574731028E-2
7.766589000E0 -3.203431256E-3 -3.938050633E-3 -1.216882548E-1
7.799922000E0 -3.477849731E-3 -8.983746545E-3 -1.626108422E-1
7.833255000E0 -3.802341703E-3 -1.379914323E-2 -4.003773409E-2
7.866588000E0 -4.397783413E-3 -1.335140103E-2 -1.975597444E-2
7.899921000E0 -4.692426204E-3 -1.269554910E-2 4.488936880E-2
7.933254000E0 -5.244144890E-3 -1.266096919E-2 3.542148552E-2
7.966587000E0 -5.536482376E-3 -8.683937996E-3 1.458597746E-1
7.999920000E0 -5.823068300E-3 -4.109430267E-3 1.077761574E-1
8.033253000E0 -5.810441654E-3 -1.529416381E-4 1.391637631E-1
8.066586000E0 -5.833264307E-3 3.742502335E-3 4.841283252E-2
8.099919000E0 -5.560943994E-3 4.884706403E-3 1.175992815E-1
8.133252000E0 -5.507620470E-3 8.959899472E-3 6.789147159E-2
8.166585000E0 -4.963623336E-3 1.252509153E-2 3.815466985E-2
8.199918000E0 -4.672622718E-3 9.288073432E-3 -7.461992693E-2
8.233251000E0 -4.344424632E-3 8.451289795E-3 -6.701841801E-3
8.266584000E0 -4.109209033E-3 8.199760942E-3 -7.347845253E-2
8.299917000E0 -3.797779369E-3 4.736700795E-3 -1.060740265E-1
8.333250000E0 -3.793432138E-3 -2.909700033E-4 -8.138112083E-2
8.366583000E0 -3.817177175E-3 -2.211779050E-4 -6.909765981E-2
8.399916000E0 -3.808177184E-3 -4.076036346E-3 -1.059167531E-1
8.433249000E0 -4.088910214E-3 -8.572612776E-3 -7.987411550E-2
8.466582000E0 -4.379678987E-3 -8.810581979E-3 -7.045465672E-2
8.499915000E0 -4.676276473E-3 -1.272614243E-2 3.416541847E-2
8.533248000E0 -5.228079999E-3 -8.731683612E-3 7.341536647E-2
8.566581000E0 -5.258382892E-3 -4.532328356E-3 1.109105434E-1
8.599914000E0 -5.530232201E-3 -4.073582840E-3 4.088947913E-2
8.633247000E0 -5.529952366E-3 -1.061436050E-4 7.912342297E-2
8.666580000E0 -5.537308371E-3 4.846346413E-4 6.663858185E-2
8.699913000E0 -5.497643713E-3 4.133726624E-3 1.044205722E-1
8.733246000E0 -5.261729351E-3 8.047661274E-3 7.715721182E-2
8.766579000E0 -4.961138326E-3 9.119598799E-3 8.071860164E-3
8.799912000E0 -4.653762178E-3 8.569404010E-3 -1.107963362E-2
8.833245000E0 -4.389850439E-3 8.147306971E-3 -7.667895903E-2
8.866578000E0 -4.110613811E-3 4.211447273E-3 -1.021278903E-1
8.899911000E0 -4.109090095E-3 1.070386192E-4 -7.278642884E-2
8.933244000E0 -4.103477975E-3 -3.721951794E-6 -1.139174538E-3
8.966577000E0 -4.109338222E-3 -4.545618197E-5 -7.661743605E-2
8.999910000E0 -4.106508357E-3 -4.407851192E-3 -1.027102093E-1
9.033243000E0 -4.403192030E-3 -8.283199154E-3 -7.488938512E-2
9.066576000E0 -4.658716111E-3 -8.467654945E-3 1.561835463E-4
9.099909000E0 -4.967696715E-3 -8.675016460E-3 6.312349889E-2
9.133242000E0 -5.237044759E-3 -4.488240501E-3 1.156681869E-1
9.166575000E0 -5.266909756E-3 -1.316322154E-4 7.246756169E-2
9.199908000E0 -5.245820152E-3 1.211549864E-4 5.998059299E-3
9.233241000E0 -5.258832837E-3 -3.751864863E-5 -5.106612577E-4
9.266574000E0 -5.248321370E-3 2.677996202E-4 7.278516911E-2
9.299907000E0 -5.240979708E-3 4.184466650E-3 3.542496842E-2
9.333240000E0 -4.969359717E-3 4.316342737E-3 3.894317806E-2
9.366573000E0 -4.953226403E-3 4.539960074E-3 -2.614367566E-2
9.399906000E0 -4.666698738E-3 4.819288156E-3 3.433913179E-2
9.433239000E0 -4.631943739E-3 4.654742189E-3 -4.307967287E-2
9.466572000E0 -4.356385695E-3 4.112373259E-3 -5.192287182E-2
9.499905000E0 -4.357788263E-3 -4.512870682E-4 -6.607179090E-2
9.533238000E0 -4.386471199E-3 5.361919093E-5 -7.594609196E-2
9.566571000E0 -4.354213686E-3 -4.424373527E-3 -3.403812804E-2
