3.333300000E-1 1.397703493E-2 8.220329405E-2 -1.453432915E0
3.666630000E-1 1.616805545E-2 1.969173896E-2 -1.435314272E0
3.999960000E-1 1.528980440E-2 -2.454230149E-2 -1.407082720E0
4.333290000E-1 1.453191837E-2 -6.148451885E-2 -8.970721274E-1
4.666620000E-1 1.119087746E-2 -9.624484101E-2 -9.142754204E-1
4.999950000E-1 8.115659803E-3 -1.128230241E-1 -6.358466918E-1
5.333280000E-1 3.669417741E-3 -1.436183130E-1 -5.526293010E-1
5.666610000E-1 -1.458798648E-3 -1.501742695E-1 -7.657700788E-3
5.999940000E-1 -6.342100112E-3 -1.422281274E-1 3.455181148E-1
6.333270000E-1 -1.094057899E-2 -1.278830570E-1 5.929309785E-1
6.666600000E-1 -1.486755199E-2 -1.026044884E-1 8.755259184E-1
6.999930000E-1 -1.778080981E-2 -6.920828261E-2 9.504060516E-1
7.333260000E-1 -1.948139136E-2 -3.806952674E-2 1.013036552E0
7.666590000E-1 -2.031875288E-2 -3.640859836E-3 1.140010756E0
7.999920000E-1 -1.972411292E-2 3.917055426E-2 1.141414299E0
8.333250000E-1 -1.770740871E-2 7.360656359E-2 9.261459879E-1
8.666580000E-1 -1.481705775E-2 9.974761283E-2 5.934086127E-1
8.999910000E-1 -1.105763436E-2 1.147398283E-1 4.415878280E-1
9.333240000E-1 -7.167812358E-3 1.264846445E-1 2.506808137E-1
9.666570000E-1 -2.625409045E-3 1.342571383E-1 7.582407149E-2
9.999900000E-1 1.782574025E-3 1.298995092E-1 -1.284604911E-1
1.033323000E0 6.034471635E-3 1.255930320E-1 -7.935418547E-1
1.066656000E0 1.015535909E-2 8.262744461E-2 -1.271610701E0
1.099989000E0 1.154291286E-2 3.091627510E-2 -1.309810141E0
1.133322000E0 1.221642349E-2 8.672400677E-4 -1.117580068E0
1.166655000E0 1.160072828E-2 -4.394438406E-2 -1.009151986E0
1.199988000E0 9.286827181E-3 -7.073604206E-2 -6.021390237E-1
1.233321000E0 6.885039303E-3 -7.972796660E-2 -4.117582368E-1
1.266654000E0 3.971682560E-3 -9.859183721E-2 -4.622485216E-1
1.299987000E0 3.123158839E-4 -1.122873245E-1 -3.077912611E-1
1.333320000E0 -3.514064215E-3 -1.177987611E-1 2.504664407E-2
1.366653000E0 -7.540856323E-3 -1.123293900E-1 3.823949169E-1
1.399986000E0 -1.100261533E-2 -9.125482334E-2 6.230615397E-1
1.433319000E0 -1.362445038E-2 -6.968500428E-2 6.718142525E-1
1.466652000E0 -1.564823582E-2 -4.758063363E-2 7.887799969E-1
1.499985000E0 -1.679646090E-2 -1.710652947E-2 9.372980744E-1
1.533318000E0 -1.678865972E-2 1.576482424E-2 9.072385063E-1
1.566651000E0 -1.574548312E-2 4.358058074E-2 7.588916841E-1
1.599984000E0 -1.388331672E-2 6.617554815E-2 6.332061429E-1
1.633317000E0 -1.133382403E-2 8.567223506E-2 4.318341312E-1
1.666650000E0 -8.171891498E-3 9.595896533E-2 2.500468995E-1
1.699983000E0 -4.936623649E-3 1.008081787E-1 1.945125707E-1
1.733316000E0 -1.451413456E-3 1.091800048E-1 -4.391637918E-1
1.766649000E0 2.341970552E-3 7.750187376E-2 -5.625389374E-1
1.799982000E0 3.715326460E-3 5.821516935E-2 -6.308263050E-1
1.833315000E0 6.222943032E-3 4.921108067E-2 -4.824957577E-1
1.866648000E0 6.996032364E-3 1.706078055E-2 -9.350725975E-1
1.899981000E0 7.360317028E-3 -8.400341065E-3 -7.286970800E-1
1.933314000E0 6.436015226E-3 -3.511061918E-2 -6.948851422E-1
1.966647000E0 5.019632490E-3 -5.262554626E-2 -5.271023457E-1
1.999980000E0 2.927680559E-3 -7.092476816E-2 -5.070352074E-1
2.033313000E0 2.913618955E-4 -8.628509558E-2 -2.068974101E-1
2.066646000E0 -2.824601623E-3 -8.659103544E-2 -5.043494039E-2
2.099979000E0 -5.481316073E-3 -8.578270190E-2 1.056927209E-1
2.133312000E0 -8.543391228E-3 -8.346592406E-2 2.914119164E-1
2.166645000E0 -1.104565537E-2 -6.458521883E-2 6.081419687E-1
2.199978000E0 -1.284902943E-2 -4.274960262E-2 6.558550732E-1
2.233311000E0 -1.389560037E-2 -2.065130871E-2 6.624452331E-1
2.266644000E0 -1.422576957E-2 1.265716415E-3 6.930181935E-1
2.299977000E0 -1.381122012E-2 2.535979401E-2 6.362789556E-1
2.333310000E0 -1.253513354E-2 4.484321076E-2 4.929813839E-1
2.366643000E0 -1.082170264E-2 5.739686911E-2 3.942375965E-1
2.399976000E0 -8.708713868E-3 7.083688781E-2 2.963540446E-1
2.433309000E0 -6.099290673E-3 7.840731095E-2 6.516324211E-2
2.466642000E0 -3.481612077E-3 7.469995505E-2 -1.371300942E-2
2.499975000E0 -1.119343470E-3 7.569179933E-2 -1.808240211E-1
2.533308000E0 1.564457417E-3 6.656350885E-2 -4.948413793E-1
2.566641000E0 3.318179411E-3 3.985067940E-2 -6.935878545E-1
2.599974000E0 4.221142810E-3 1.972386866E-2 -5.258040192E-1
2.633307000E0 4.633090839E-3 5.496432896E-3 -6.121390767E-1
2.666640000E0 4.587568006E-3 -1.941495285E-2 -6.737859885E-1
2.699973000E0 3.338773593E-3 -4.283198382E-2 -5.409535131E-1
2.733306000E0 1.732130973E-3 -5.365414728E-2 -2.456678193E-1
2.766639000E0 -2.381337897E-4 -5.988965664E-2 -2.131871229E-1
2.799972000E0 -2.260472877E-3 -6.648049977E-2 -7.244155795E-2
2.833305000E0 -4.670122787E-3 -6.702023215E-2 6.612488707E-2
2.866638000E0 -6.728443674E-3 -5.998825923E-2 2.146287549E-1
2.899971000E0 -8.669300077E-3 -5.361935422E-2 2.509119397E-1
2.933304000E0 -1.030303154E-2 -4.304841571E-2 4.970337116E-1
2.966637000E0 -1.153916576E-2 -2.164400180E-2 5.897610510E-1
2.999970000E0 -1.174595057E-2 -9.258339845E-4 5.200602559E-1
3.033303000E0 -1.160088741E-2 1.133142922E-2 4.135256828E-1
3.066636000E0 -1.099052951E-2 2.668600176E-2 5.130022766E-1
3.099969000E0 -9.821838414E-3 4.544380357E-2 3.323268261E-1
3.133302000E0 -7.960972897E-3 5.126289953E-2 1.731889096E-1
3.166635000E0 -6.404345954E-3 5.326457681E-2 1.218516076E-1
3.199968000E0 -4.410036619E-3 6.165348966E-2 1.505153596E-1
3.233301000E0 -2.294154412E-3 6.295635731E-2 -1.651406772E-1
3.266634000E0 -2.129881024E-4 5.176000799E-2 -4.113381008E-1
3.299967000E0 1.156478280E-3 3.362407188E-2 -4.432714022E-1
3.333300000E0 2.028594274E-3 2.217260288E-2 -4.417660241E-1
3.366633000E0 2.634637024E-3 5.859075561E-3 -5.028942063E-1
3.399966000E0 2.419195405E-3 -1.332379351E-2 -5.139702142E-1
3.433299000E0 1.746393006E-3 -2.755246061E-2 -4.142012937E-1
3.466632000E0 5.823830663E-4 -4.116938742E-2 -2.710613602E-1
3.499965000E0 -9.982053757E-4 -4.648858518E-2 -9.972387432E-2
3.533298000E0 -2.516824953E-3 -4.652178411E-2 -1.324731405E-2
3.566631000E0 -4.099626635E-3 -4.774270804E-2 -5.497585032E-2
3.599964000E0 -5.699640327E-3 -4.985776801E-2 9.894684362E-2
3.633297000E0 -7.423444598E-3 -4.289930517E-2 2.933814978E-1
3.666630000E0 -8.559565406E-3 -2.833634840E-2 3.692439043E-1
3.699963000E0 -9.312515600E-3 -1.848648447E-2 3.125769881E-1
3.733296000E0 -9.791985379E-3 -8.051749468E-3 4.306152928E-1
3.766629000E0 -9.849293530E-3 9.798733627E-3 4.433090940E-1
3.799962000E0 -9.138743003E-3 2.356668676E-2 2.619100279E-1
3.833295000E0 -8.278196790E-3 2.620164470E-2 1.657712689E-1
3.866628000E0 -7.391984158E-3 3.342908082E-2 2.177948940E-1
3.899961000E0 -6.049613688E-3 4.232743779E-2 1.664148547E-1
3.933294000E0 -4.570183190E-3 4.416447743E-2 7.151178363E-2
3.966627000E0 -3.105344636E-3 4.638947611E-2 -1.077429146E-1
3.999960000E0 -1.477582376E-3 3.910147695E-2 -2.509193409E-1
4.033293000E0 -4.986055735E-4 2.688672134E-2 -3.117855775E-1
4.066626000E0 3.148477889E-4 1.967272859E-2 -3.254089244E-1
4.099959000E0 8.128965508E-4 5.539165744E-3 -3.961595896E-1
4.133292000E0 6.841218124E-4 -8.137572976E-3 -3.931321486E-1
4.166625000E0 2.703971108E-4 -1.953045970E-2 -3.356565520E-1
4.199958000E0 -6.178958137E-4 -3.127663997E-2 -2.285203500E-1
4.233291000E0 -1.814691370E-3 -3.517447302E-2 -4.410609758E-2
4.266624000E0 -2.962837232E-3 -3.348459358E-2 -2.512421498E-2
4.299957000E0 -4.046975286E-3 -3.615997420E-2 -3.969610963E-2
4.333290000E0 -5.373478072E-3 -3.761793050E-2 1.585590329E-1
4.366623000E0 -6.554812240E-3 -2.582201425E-2 2.237799420E-1
4.399956000E0 -7.094928474E-3 -1.975504849E-2 2.028175224E-1
4.433289000E0 -7.871802303E-3 -1.576681014E-2 2.722691567E-1
4.466622000E0 -8.146038639E-3 -1.030209492E-4 3.383836272E-1
4.499955000E0 -7.878670297E-3 8.034113095E-3 2.100514489E-1
4.533288000E0 -7.610436455E-3 1.215634902E-2 1.695494697E-1
4.566621000E0 -7.068255133E-3 1.997902657E-2 2.456928443E-1
4.599954000E0 -6.278514670E-3 2.834500042E-2 1.551037462E-1
4.633287000E0 -5.178607336E-3 3.135292941E-2 1.126536031E-1
4.666620000E0 -4.188340278E-3 3.409408458E-2 4.322478422E-2
4.699953000E0 -2.905691093E-3 3.606723783E-2 -1.171518188E-1
4.733286000E0 -1.783881801E-3 2.605398557E-2 -3.524063709E-1
4.766619000E0 -1.168776091E-3 1.171009022E-2 -2.954957341E-1
4.799952000E0 -1.003216926E-3 5.445273982E-3 -9.744427578E-2
4.833285000E0 -8.057614556E-4 6.265122326E-3 -1.876124241E-1
4.866618000E0 -5.855462808E-4 -5.327975158E-3 -3.159964234E-1
4.899951000E0 -1.160956248E-3 -1.813506628E-2 -2.843369465E-1
4.933284000E0 -1.794538609E-3 -2.235042850E-2 -1.023072228E-1
4.966617000E0 -2.650969914E-3 -2.577431171E-2 -4.040815327E-2
4.999950000E0 -3.512808874E-3 -2.474810502E-2 -1.448940061E-2
5.033283000E0 -4.300827083E-3 -2.606585713E-2 1.231856829E-2
5.066616000E0 -5.250515305E-3 -2.524206628E-2 1.185810042E-1
5.099949000E0 -5.983614674E-3 -1.752426841E-2 2.179446705E-1
5.133282000E0 -6.418788183E-3 -1.029428801E-2 2.053695546E-1
5.166615000E0 -6.669893679E-3 -4.163973615E-3 1.597149125E-1
5.199948000E0 -6.696383648E-3 7.069553435E-4 1.088977751E-1
5.233281000E0 -6.622763794E-3 2.939164261E-3 2.021718184E-1
5.266614000E0 -6.500441323E-3 1.286546676E-2 2.307827442E-1
5.299947000E0 -5.765074587E-3 2.099923436E-2 1.403753609E-1
5.333280000E0 -5.100506365E-3 2.052295342E-2 5.986318597E-2
5.366613000E0 -4.396891374E-3 2.478407232E-2 6.232007462E-2
5.399946000E0 -3.448251400E-3 2.599596050E-2 -5.944047510E-2
5.433279000E0 -2.663844672E-3 2.008498429E-2 -2.306896222E-1
5.466612000E0 -2.109265837E-3 1.081547399E-2 -1.753930476E-1
5.499945000E0 -1.942820282E-3 6.942796788E-3 -1.359256517E-1
5.533278000E0 -1.646417347E-3 3.861247034E-3 -1.189779055E-1
5.566611000E0 -1.685406387E-3 -2.512976606E-3 -2.373831539E-1
5.599944000E0 -1.813947445E-3 -1.065761198E-2 -1.969932228E-1
5.633277000E0 -2.395906748E-3 -1.740480387E-2 -1.164760935E-1
5.666610000E0 -2.974256100E-3 -1.742490793E-2 -5.783759414E-3
5.699943000E0 -3.557555660E-3 -1.777931339E-2 2.678524432E-2
5.733276000E0 -4.159531807E-3 -1.600252677E-2 2.269312516E-2
5.766609000E0 -4.624380109E-3 -1.542709188E-2 4.362288099E-2
5.799942000E0 -5.187994314E-3 -1.419863583E-2 1.036269365E-1
5.833275000E0 -5.570946365E-3 -8.027268003E-3 1.651159188E-1
5.866608000E0 -5.723140163E-3 -2.836266000E-3 1.291133351E-1
5.899941000E0 -5.760028875E-3 3.690646820E-4 1.465627800E-1
5.933274000E0 -5.698536097E-3 6.451012559E-3 8.539188735E-2
5.966607000E0 -5.329965671E-3 7.653313683E-3 7.360470202E-2
5.999940000E0 -5.188320287E-3 9.042622418E-3 9.922628692E-2
6.033273000E0 -4.727130205E-3 1.583806506E-2 1.266719639E-1
6.066606000E0 -4.132459841E-3 1.743285855E-2 5.387111194E-2
6.099939000E0 -3.564951257E-3 1.877679978E-2 -6.994206922E-2
6.133272000E0 -2.880685707E-3 1.422863131E-2 -1.129943310E-1
6.166605000E0 -2.616385322E-3 9.035759487E-3 -1.691696334E-1
6.199938000E0 -2.278307765E-3 4.913835698E-3 -1.571289055E-1
6.233271000E0 -2.288799551E-3 -2.744297892E-3 -1.434822097E-1
6.266604000E0 -2.461259128E-3 -4.670646753E-3 -9.874011272E-2
6.299937000E0 -2.600172888E-3 -8.252484052E-3 -5.774624573E-2
6.333270000E0 -3.011419230E-3 -1.008165887E-2 -1.273099929E-1
6.366603000E0 -3.272276758E-3 -1.455089865E-2 -6.305546802E-2
6.399936000E0 -3.981469439E-3 -1.712240500E-2 1.930336243E-3
6.433269000E0 -4.413759010E-3 -1.236150272E-2 1.676405510E-1
6.466602000E0 -4.805561380E-3 -7.039813612E-3 1.112321710E-1
6.499935000E0 -4.883075224E-3 -3.515836782E-3 5.434855118E-2
6.533268000E0 -5.039948155E-3 -4.464712268E-3 5.764416338E-2
6.566601000E0 -5.180719732E-3 -3.253284934E-5 7.785751590E-2
6.599934000E0 -5.042116990E-3 2.172259090E-3 1.083807829E-1
6.633267000E0 -5.035903907E-3 5.296683885E-3 8.712938561E-2
6.666600000E0 -4.689008262E-3 9.809900534E-3 5.870677353E-2
6.699933000E0 -4.381917078E-3 8.422674978E-3 5.753848226E-2
6.733266000E0 -4.127502212E-3 1.277120211E-2 3.284552373E-2
6.766599000E0 -3.530512119E-3 1.290798459E-2 -1.235049807E-2
6.799932000E0 -3.266978511E-3 9.549814943E-3 -1.494690808E-1
6.833265000E0 -2.893864156E-3 5.010905894E-3 -1.358464097E-1
6.866598000E0 -2.932921458E-3 -1.465798059E-3 -6.312485231E-2
6.899931000E0 -2.991583049E-3 1.181626036E-3 2.027960233E-2
6.933264000E0 -2.854147177E-3 1.187912591E-3 -1.454703685E-1
6.966597000E0 -2.912389668E-3 -8.771663000E-3 -1.716716416E-1
6.999930000E0 -3.438918863E-3 -1.233835176E-2 -5.120090132E-2
7.033263000E0 -3.734938226E-3 -1.002951136E-2 5.896843751E-2
7.066596000E0 -4.107546267E-3 -9.472981452E-3 7.754540395E-2
7.099929000E0 -4.366464008E-3 -4.653388925E-3 6.328394041E-2
7.133262000E0 -4.417769093E-3 -4.224344686E-3 2.411795305E-2
7.166595000E0 -4.648084171E-3 -4.589110771E-3 3.081322516E-2
7.199928000E0 -4.723706752E-3 -1.266719196E-3 9.243190135E-2
7.233261000E0 -4.732531273E-3 1.303686681E-3 4.905453566E-2
7.266594000E0 -4.636795175E-3 2.378979250E-3 5.511049088E-2
7.299927000E0 -4.573934242E-3 4.271866971E-3 5.526446906E-2
7.333260000E0 -4.352006892E-3 6.795717764E-3 7.506897872E-2
7.366593000E0 -4.120890922E-3 8.719762279E-3 3.386428546E-2
7.399926000E0 -3.770695220E-3 9.664221579E-3 -4.016813424E-2
7.433259000E0 -3.476615926E-3 5.955767279E-3 -1.336358892E-1
7.466592000E0 -3.373648038E-3 4.355227791E-4 -7.981491109E-2
7.499925000E0 -3.447581364E-3 -2.682834301E-5 1.450542007E-2
7.533258000E0 -3.375436577E-3 2.377260627E-3 1.405433370E-2
7.566591000E0 -3.289098907E-3 8.994472703E-4 -7.683955217E-2
7.599924000E0 -3.315474025E-3 -2.950356118E-3 -6.462212914E-2
7.633257000E0 -3.485787348E-3 -3.949686569E-3 -9.930347400E-2
7.666590000E0 -3.578783830E-3 -8.163118730E-3 -2.806048431E-2
7.699923000E0 -4.029989821E-3 -8.273129976E-3 1.184419681E-2
7.733256000E0 -4.130320313E-3 -4.840621591E-3 5.129039075E-2
7.766589000E0 -4.352694700E-3 -6.196558810E-3 -7.325347267E-3
7.799922000E0 -4.543420102E-3 -5.030559476E-3 7.025980460E-2
7.833255000E0 -4.688061978E-3 -1.752481292E-3 4.650405894E-2
7.866588000E0 -4.660251020E-3 -1.024440641E-3 6.186078409E-2
7.899921000E0 -4.756357338E-3 9.266394957E-4 7.295973233E-2
7.933254000E0 -4.598475672E-3 5.136430119E-3 7.527648985E-2
7.966587000E0 -4.413932088E-3 5.517690537E-3 1.038208057E-2
7.999920000E0 -4.230633314E-3 5.732709261E-3 -1.409893811E-2
8.033253000E0 -4.031755292E-3 4.812106236E-3 3.717087990E-2
8.066586000E0 -3.909829440E-3 7.323841862E-3 3.508887942E-3
8.099919000E0 -3.543504051E-3 6.849804175E-3 -3.627514258E-2
8.133252000E0 -3.453180395E-3 3.137779339E-3 -1.365035374E-1
8.166585000E0 -3.334320853E-3 -8.988012638E-4 -2.101747326E-2
8.199918000E0 -3.513099880E-3 -3.205392573E-4 -3.705309051E-2
8.233251000E0 -3.355689924E-3 -5.387673430E-4 -1.149924611E-2
8.266584000E0 -3.549017344E-3 -3.621878535E-3 -1.197518282E-1
8.299917000E0 -3.597146078E-3 -6.435219767E-3 -4.059167593E-2
8.333250000E0 -3.978027705E-3 -8.485374268E-3 -1.814675904E-2
8.366583000E0 -4.162832039E-3 -6.023175727E-3 8.585008607E-2
8.399916000E0 -4.379568738E-3 -3.716997788E-3 8.685979986E-2
8.433249000E0 -4.410629413E-3 4.361793609E-4 5.014688231E-2
8.466582000E0 -4.350490404E-3 -1.077877616E-4 -1.978752706E-2
8.499915000E0 -4.417815192E-3 -1.674069546E-3 2.219699191E-2
8.533248000E0 -4.462093925E-3 1.359870964E-3 4.633868765E-2
8.566581000E0 -4.327158035E-3 2.373116645E-3 7.598855117E-2
8.599914000E0 -4.303887730E-3 4.954991853E-3 7.726843074E-3
8.633247000E0 -3.996828548E-3 4.952282524E-3 -4.256320178E-2
8.666580000E0 -3.973738864E-3 3.423707068E-4 -4.695170139E-2
8.699913000E0 -3.974004062E-3 2.038297294E-3 3.797051722E-2
8.733246000E0 -3.837853736E-3 3.580422060E-3 8.123612636E-2
8.766579000E0 -3.735311645E-3 6.524959663E-3 2.157802454E-2
8.799912000E0 -3.402860775E-3 6.563460653E-3 -1.322017111E-1
8.833245000E0 -3.297751977E-3 -2.891812285E-3 -1.877570664E-1
8.866578000E0 -3.595646333E-3 -7.411479242E-3 -9.186828139E-3
8.899911000E0 -3.791845652E-3 -2.664984831E-3 8.580524940E-2
8.933244000E0 -3.773310212E-3 -7.956962778E-4 2.080893290E-2
8.966577000E0 -3.844891540E-3 -2.127025076E-3 -4.109840260E-2
8.999910000E0 -3.915110466E-3 -3.182860996E-3 -6.446815800E-2
9.033243000E0 -4.057080152E-3 -6.425766106E-3 -2.782577850E-2
9.066576000E0 -4.343490589E-3 -5.889331645E-3 7.253849903E-2
9.099909000E0 -4.449698335E-3 -8.428622776E-4 1.031312889E-1
9.133242000E0 -4.399680845E-3 1.298301034E-3 3.249541136E-2
9.166575000E0 -4.363145798E-3 9.515651001E-4 -2.475694622E-3
9.199908000E0 -4.336243807E-3 1.081638321E-3 7.804449839E-3
9.233241000E0 -4.291037298E-3 1.544105369E-3 1.548328440E-2
9.266574000E0 -4.233304478E-3 2.078769155E-3 7.011150912E-2
9.299907000E0 -4.152454074E-3 5.807286120E-3 4.806145689E-2
9.333240000E0 -3.846155942E-3 6.573200970E-3 -3.764957437E-2
9.366573000E0 -3.714245058E-3 2.303165470E-3 -9.591601256E-2
9.399906000E0 -3.692613112E-3 1.510558785E-4 -4.556876903E-2
9.433239000E0 -3.704174766E-3 -6.039406279E-4 -8.328957055E-3
9.466572000E0 -3.732875418E-3 -4.633388581E-4 2.137527805E-2
9.499905000E0 -3.735063715E-3 8.417827746E-4 -3.992438890E-2
9.533238000E0 -3.676757128E-3 -2.338522090E-3 -1.745923651E-2
9.566571000E0 -3.890963628E-3 -2.220531101E-3 -5.278129790E-2
9.599904000E0 -3.824791054E-3 -3.314536254E-3 -5.179335108E-2
9.633237000E0 -4.111930502E-3 -7.891646369E-3 -2.251023911E-2
9.666570000E0 -4.350895551E-3 -4.266308794E-3 1.380818849E-1
9.699903000E0 -4.396348244E-3 1.614406878E-3 5.642592617E-2
9.733236000E0 -4.243269502E-3 5.141713097E-4 -3.897731526E-2
9.766569000E0 -4.362070500E-3 -2.698365551E-3 1.668721508E-2
9.799902000E0 -4.423158740E-3 1.920432468E-3 5.540427211E-2
9.833235000E0 -4.234042949E-3 2.410067000E-3 3.883906413E-2
9.866568000E0 -4.262489213E-3 2.554290155E-3 -1.587693080E-2
9.899901000E0 -4.063758641E-3 3.187765273E-3 -5.194258867E-2
9.933234000E0 -4.049973654E-3 -1.862769634E-3 -2.549700522E-2
9.966567000E0 -4.187942042E-3 5.622931379E-4 6.824252039E-2
9.999900000E0 -4.012487819E-3 4.468697337E-3 5.850674564E-2
1.003323300E1 -3.890031865E-3 3.577661515E-3 5.502785884E-3
1.006656600E1 -3.773979437E-3 4.741663049E-3 -4.857691470E-2
