6.666600000E-2 -3.833321477E-2 -3.982129023E-2 1.603612492E0
9.999900000E-2 -3.859965970E-2 3.953869205E-2 2.345146350E0
1.333320000E-1 -3.569732832E-2 1.207436055E-1 1.935759907E0
1.666650000E-1 -3.055016650E-2 1.692932875E-1 1.671676999E0
1.999980000E-1 -2.441122202E-2 2.256955663E-1 1.427650115E0
2.333310000E-1 -1.550394588E-2 2.733347399E-1 7.142430839E-1
2.666640000E-1 -6.189088256E-3 2.704162212E-1 9.332002470E-2
2.999970000E-1 2.523621922E-3 2.742622025E-1 -2.717668172E-1
3.333300000E-1 1.209487574E-2 2.610024571E-1 -8.395780941E-1
3.666630000E-1 1.992361172E-2 2.122182890E-1 -1.892786512E0
3.999960000E-1 2.624262019E-2 1.392679451E-1 -2.369733824E0
4.333290000E-1 2.920804855E-2 4.883309591E-2 -2.578311270E0
4.666620000E-1 2.949812737E-2 -3.119736388E-2 -2.282480502E0
4.999950000E-1 2.712824509E-2 -1.042601763E-1 -1.853748260E0
5.333280000E-1 2.254751845E-2 -1.559130962E-1 -1.336771852E0
5.666610000E-1 1.673414262E-2 -1.914827160E-1 -9.245856641E-1
5.999940000E-1 9.782131710E-3 -2.183865690E-1 -7.400175332E-1
6.333270000E-1 2.175183608E-3 -2.395620518E-1 -4.585240500E-1
6.666600000E-1 -6.188512036E-3 -2.508092011E-1 2.417905602E-1
6.999930000E-1 -1.454526259E-2 -2.254056549E-1 1.086749117E0
7.333260000E-1 -2.121540542E-2 -1.747664521E-1 1.538127602E0
7.666590000E-1 -2.619624289E-2 -1.230125251E-1 1.536114053E0
7.999920000E-1 -2.941615842E-2 -7.195364850E-2 1.596212548E0
8.333250000E-1 -3.099310482E-2 -1.757866587E-2 1.803013421E0
8.666580000E-1 -3.058805776E-2 4.808618227E-2 1.949874178E0
8.999910000E-1 -2.778739139E-2 1.141301815E-1 1.724087357E0
9.333240000E-1 -2.297945508E-2 1.637116142E-1 1.178612161E0
9.666570000E-1 -1.687339292E-2 1.926179112E-1 7.127553558E-1
9.999900000E-1 -1.013838941E-2 2.100057015E-1 4.940231823E-1
1.033323000E0 -2.873152823E-3 2.254124298E-1 2.466679781E-1
1.066656000E0 4.888955640E-3 2.281210994E-1 -3.412649317E-1
1.099989000E0 1.233476839E-2 2.031332663E-1 -1.399235610E0
1.133322000E0 1.843103797E-2 1.363781634E-1 -1.960228483E0
1.166655000E0 2.142655503E-2 6.553187180E-2 -1.905182771E0
1.199988000E0 2.279978574E-2 1.307634381E-2 -1.681588770E0
1.233321000E0 2.229830257E-2 -4.662032022E-2 -1.742970926E0
1.266654000E0 1.969179547E-2 -1.043837808E-1 -1.290437567E0
1.299987000E0 1.533945344E-2 -1.349889852E-1 -7.654297816E-1
1.333320000E0 1.069261978E-2 -1.512421141E-1 -7.224599829E-1
1.366653000E0 5.256746656E-3 -1.830499180E-1 -5.104673997E-1
1.399986000E0 -1.510586050E-3 -1.910051280E-1 9.457473849E-3
1.433319000E0 -7.476801209E-3 -1.764897958E-1 4.196258377E-1
1.466652000E0 -1.327645478E-2 -1.652779745E-1 6.186202975E-1
1.499985000E0 -1.849522266E-2 -1.360472864E-1 1.150345868E0
1.533318000E0 -2.234618318E-2 -8.791647880E-2 1.492690095E0
1.566651000E0 -2.435626263E-2 -3.516782227E-2 1.607841370E0
1.599984000E0 -2.469068122E-2 1.844091212E-2 1.492529880E0
1.633317000E0 -2.312688079E-2 6.613233502E-2 1.217307700E0
1.666650000E0 -2.028190297E-2 9.905874435E-2 8.805245758E-1
1.699983000E0 -1.652303054E-2 1.243500331E-1 9.660188379E-1
1.733316000E0 -1.199198366E-2 1.612006459E-1 7.828379836E-1
1.766649000E0 -5.776428274E-3 1.826490657E-1 2.163771913E-1
1.799982000E0 1.844989535E-4 1.719127923E-1 -2.103168577E-1
1.833315000E0 5.684309934E-3 1.669222986E-1 -6.453291093E-1
1.866648000E0 1.131254091E-2 1.352321303E-1 -1.027618077E0
1.899981000E0 1.469969513E-2 9.017026642E-2 -1.390096391E0
1.933314000E0 1.732383189E-2 4.842129686E-2 -1.501305819E0
1.966647000E0 1.792774931E-2 -1.255682721E-2 -1.845832459E0
1.999980000E0 1.648671845E-2 -7.458845189E-2 -1.246244853E0
2.033313000E0 1.295523557E-2 -1.009322636E-1 -6.148061612E-1
2.066646000E0 9.757968164E-3 -1.079451449E-1 -3.990022733E-1
2.099979000E0 5.758964542E-3 -1.302202452E-1 -5.302519130E-1
2.133312000E0 1.076705298E-3 -1.440006656E-1 -3.297274038E-1
2.166645000E0 -3.840983831E-3 -1.512198932E-1 -2.744236951E-2
2.199978000E0 -9.004520103E-3 -1.474453265E-1 5.022746392E-1
2.233311000E0 -1.367057397E-2 -1.181896769E-1 1.141321437E0
2.266644000E0 -1.688375310E-2 -6.997223900E-2 1.137279494E0
2.299977000E0 -1.833534325E-2 -3.863698699E-2 7.897173413E-1
2.333310000E0 -1.945952648E-2 -2.145027825E-2 9.121662376E-1
2.366643000E0 -1.976534750E-2 2.070995596E-2 1.377839704E0
2.399976000E0 -1.807887655E-2 7.386524001E-2 1.253542444E0
2.433309000E0 -1.484104741E-2 1.054678367E-1 6.728792679E-1
2.466642000E0 -1.104775775E-2 1.172821337E-1 2.390970928E-1
2.499975000E0 -7.022316686E-3 1.211561806E-1 2.189485438E-1
2.533308000E0 -2.970759815E-3 1.302498749E-1 2.957667314E-1
2.566641000E0 1.660921473E-3 1.427600440E-1 -2.661771895E-2
2.599974000E0 6.546481279E-3 1.306012981E-1 -7.427883323E-1
2.633307000E0 1.036758761E-2 9.144767703E-2 -1.428778351E0
2.666640000E0 1.264293212E-2 3.566339808E-2 -1.270604643E0
2.699973000E0 1.274512371E-2 1.031004175E-3 -9.861179292E-1
2.733306000E0 1.271166504E-2 -2.287695966E-2 -8.897494579E-1
2.766639000E0 1.122000831E-2 -6.180712333E-2 -9.459741679E-1
2.799972000E0 8.591231356E-3 -8.658672133E-2 -5.708138666E-1
2.833305000E0 5.447617950E-3 -9.896557788E-2 -2.776079907E-1
2.866638000E0 1.993592141E-3 -1.051084751E-1 -2.376356012E-1
2.899971000E0 -1.559543654E-3 -1.135708483E-1 -6.249390050E-2
2.933304000E0 -5.577722034E-3 -1.122417705E-1 3.074384751E-1
2.966637000E0 -9.042253525E-3 -9.148472344E-2 5.432415750E-1
2.999970000E0 -1.167664261E-2 -7.432686516E-2 5.525692276E-1
3.033303000E0 -1.399732832E-2 -5.689904202E-2 7.975583156E-1
3.066636000E0 -1.546987414E-2 -2.144198256E-2 1.091490217E0
3.099969000E0 -1.542677953E-2 1.813800092E-2 8.958241255E-1
3.133302000E0 -1.426068617E-2 3.923647697E-2 5.563605818E-1
3.166635000E0 -1.281104055E-2 5.271870690E-2 5.886886652E-1
3.199968000E0 -1.074614086E-2 7.819075742E-2 6.618261197E-1
3.233301000E0 -7.598375519E-3 9.944641803E-2 4.083111203E-1
3.266634000E0 -4.116445954E-3 1.045149247E-1 1.558729512E-1
3.299967000E0 -6.307835502E-4 1.085669125E-1 -1.206103356E-1
3.333300000E0 3.121275834E-3 9.947738947E-2 -4.198495400E-1
3.366633000E0 6.000976096E-3 7.753317538E-2 -8.003385897E-1
3.399966000E0 8.290102505E-3 4.836209041E-2 -8.423727619E-1
3.433299000E0 9.225083215E-3 1.823906136E-2 -9.027274021E-1
3.466632000E0 9.506027769E-3 -9.201801679E-3 -9.151155729E-1
3.499965000E0 8.611635904E-3 -4.395725787E-2 -8.069496499E-1
3.533298000E0 6.575573216E-3 -6.483601067E-2 -4.011236013E-1
3.566631000E0 4.289278417E-3 -6.923266022E-2 -2.247627524E-1
3.599964000E0 1.960108690E-3 -7.826860529E-2 -2.357572536E-1
3.633297000E0 -9.285764226E-4 -8.718143651E-2 -6.833285130E-2
3.666630000E0 -3.851928956E-3 -8.251465667E-2 1.170555771E-1
3.699963000E0 -6.429498524E-3 -7.775986462E-2 2.255191325E-1
3.733296000E0 -9.035868091E-3 -6.957550764E-2 5.128751921E-1
3.766629000E0 -1.106781932E-2 -4.353426362E-2 8.161606318E-1
3.799962000E0 -1.193812331E-2 -1.325417218E-2 6.395790713E-1
3.833295000E0 -1.195142196E-2 2.017467938E-4 4.506688318E-1
3.866628000E0 -1.192467366E-2 1.333493526E-2 6.245176554E-1
3.899961000E0 -1.106243517E-2 4.289781815E-2 6.725687627E-1
3.933294000E0 -9.064847713E-3 6.108292311E-2 3.777388432E-1
3.966627000E0 -6.990281013E-3 6.550971378E-2 1.857253077E-1
3.999960000E0 -4.697577134E-3 7.355283626E-2 1.797161152E-1
4.033293000E0 -2.086807631E-3 7.837856503E-2 4.289709435E-2
4.066626000E0 5.276082824E-4 7.608249010E-2 -6.429877643E-2
4.099959000E0 2.985307654E-3 7.345245475E-2 -5.958761231E-1
4.133292000E0 5.424389631E-3 4.118376533E-2 -8.235938561E-1
4.166625000E0 5.730864553E-3 9.415247380E-3 -7.850519195E-1
4.199958000E0 6.052066513E-3 -4.500018137E-3 -4.313326684E-1
4.233291000E0 5.430866344E-3 -2.281365998E-2 -5.652863018E-1
4.266624000E0 4.531171057E-3 -3.956345693E-2 -4.529522676E-1
4.299957000E0 2.793328924E-3 -5.552177557E-2 -2.593893576E-1
4.333290000E0 8.297563661E-4 -5.638734660E-2 -1.168944807E-1
4.366623000E0 -9.657899247E-4 -6.108034249E-2 -9.381423438E-2
4.399956000E0 -3.242225746E-3 -6.546649643E-2 4.665634665E-2
4.433289000E0 -5.330179376E-3 -5.694511891E-2 3.294140071E-1
4.466622000E0 -7.038529043E-3 -4.340381332E-2 3.095060075E-1
4.499955000E0 -8.223737995E-3 -3.496718774E-2 3.063619772E-1
4.533288000E0 -9.369651581E-3 -2.523815851E-2 4.601080236E-1
4.566621000E0 -9.906265070E-3 -3.558024999E-3 6.131639740E-1
4.599954000E0 -9.606850875E-3 1.679965262E-2 4.953034968E-1
4.633287000E0 -8.786299428E-3 2.924295854E-2 3.450651789E-1
4.666620000E0 -7.657339802E-3 3.924133791E-2 2.869058908E-1
4.699953000E0 -6.170236395E-3 4.866507335E-2 2.578354594E-1
4.733286000E0 -4.413034022E-3 5.630735181E-2 1.021563150E-1
4.766619000E0 -2.416450479E-3 5.641950885E-2 -3.742105600E-2
4.799952000E0 -6.517710443E-4 5.238518051E-2 -1.855830508E-1
4.833285000E0 1.075859965E-3 4.531607318E-2 -9.346975628E-2
4.866618000E0 2.369270290E-3 4.367614489E-2 -4.855691972E-1
4.899951000E0 3.987573840E-3 1.942821014E-2 -6.625115104E-1
4.933284000E0 3.664471347E-3 -9.530664342E-3 -6.348070573E-1
4.966617000E0 3.352202571E-3 -1.752057755E-2 -3.456705538E-1
4.999950000E0 2.496444524E-3 -3.377078863E-2 -2.918036649E-1
5.033283000E0 1.100839176E-3 -3.859118304E-2 -1.415890569E-1
5.066616000E0 -7.627528408E-5 -4.039136964E-2 -1.132917754E-1
5.099949000E0 -1.591891872E-3 -4.773859520E-2 -8.492541787E-2
5.133282000E0 -3.258816472E-3 -4.648012424E-2 1.075130885E-1
5.166615000E0 -4.690535835E-3 -3.970300418E-2 1.677882346E-1
5.199948000E0 -5.905656948E-3 -3.506807198E-2 2.251011564E-1
5.233281000E0 -7.028383922E-3 -2.587927172E-2 3.249025196E-1
5.266614000E0 -7.630924476E-3 -1.221417738E-2 3.933595971E-1
5.299947000E0 -7.842654271E-3 -2.414664649E-6 2.940528716E-1
5.333280000E0 -7.631085452E-3 8.113506607E-3 3.399736946E-1
5.366613000E0 -7.301759239E-3 2.071237517E-2 3.494301265E-1
5.399946000E0 -6.250274250E-3 3.391297180E-2 2.403491614E-1
5.433279000E0 -5.040917061E-3 3.591665604E-2 1.609001099E-1
5.466612000E0 -3.855854458E-3 4.311650647E-2 -5.513580614E-3
5.499945000E0 -2.166512041E-3 3.937717015E-2 1.119888113E-1
5.533278000E0 -1.230736032E-3 4.399731722E-2 -1.321274544E-1
5.566611000E0 7.666131091E-4 3.963169051E-2 -3.577748592E-1
5.599944000E0 1.411350247E-3 1.298263432E-2 -5.045099386E-1
5.633277000E0 1.632113409E-3 7.022401770E-3 -2.892780545E-1
5.666610000E0 1.879505683E-3 -3.692029769E-3 -3.610237803E-1
5.699943000E0 1.385980552E-3 -1.959404426E-2 -3.485013769E-1
5.733276000E0 5.732491286E-4 -2.641514460E-2 -1.338178199E-1
5.766609000E0 -3.750114775E-4 -2.841648473E-2 -7.464725169E-2
5.799942000E0 -1.321164242E-3 -3.075371510E-2 -6.215499574E-2
5.833275000E0 -2.425238649E-3 -3.322658071E-2 8.100910555E-3
5.866608000E0 -3.536247472E-3 -3.033317536E-2 9.341589010E-2
5.899941000E0 -4.447430117E-3 -2.627866362E-2 1.424456592E-1
5.933274000E0 -5.288140861E-3 -2.149538379E-2 1.808063134E-1
5.966607000E0 -5.880441373E-3 -1.386863877E-2 2.548907990E-1
5.999940000E0 -6.212707534E-3 -4.676625400E-3 2.748441031E-1
6.033273000E0 -6.192213282E-3 4.809503129E-3 2.693529163E-1
6.066606000E0 -5.892077198E-3 1.313280565E-2 1.845739633E-1
6.099939000E0 -5.316701661E-3 1.764052653E-2 9.332823881E-2
6.133272000E0 -4.716053856E-3 1.876644237E-2 1.989761033E-1
6.166605000E0 -4.065618014E-3 2.962076384E-2 1.587843162E-1
6.199938000E0 -2.741356014E-3 3.308251490E-2 2.677280177E-2
6.233271000E0 -1.860139076E-3 2.785962381E-2 -6.400262623E-2
6.266604000E0 -8.840663337E-4 3.006049134E-2 -1.926360970E-1
6.299937000E0 1.438736402E-4 1.701163865E-2 -3.049648796E-1
6.333270000E0 2.500315687E-4 5.357616784E-3 -2.383756817E-1
6.366603000E0 5.010445208E-4 4.192953148E-3 -2.814267381E-1
6.399936000E0 5.295589832E-4 -1.272753413E-2 -3.570117226E-1
6.433269000E0 -3.474492697E-4 -2.342401070E-2 -1.144229408E-1
6.466602000E0 -1.032026114E-3 -1.795888893E-2 3.168090350E-2
6.499935000E0 -1.544696559E-3 -2.028666559E-2 -8.970873329E-2
6.533268000E0 -2.384456962E-3 -2.564504526E-2 -3.150662426E-2
6.566601000E0 -3.254349146E-3 -2.235052425E-2 1.025987102E-1
6.599934000E0 -3.874477011E-3 -1.778692922E-2 1.558199575E-1
6.633267000E0 -4.440132570E-3 -1.285257123E-2 1.103022274E-1
6.666600000E0 -4.731306525E-3 -9.294064359E-3 1.503390895E-1
6.699933000E0 -5.059730664E-3 -4.362257878E-3 1.865482187E-1
6.733266000E0 -5.022120809E-3 4.333088656E-3 1.915401929E-1
6.766599000E0 -4.770860976E-3 8.413199166E-3 1.466806698E-1
6.799932000E0 -4.461246473E-3 1.332703989E-2 1.342774864E-1
6.833265000E0 -3.882400534E-3 1.826523018E-2 8.493006930E-2
6.866598000E0 -3.243576638E-3 1.873108357E-2 4.831865552E-2
6.899931000E0 -2.633674117E-3 2.086687775E-2 8.262887498E-2
6.933264000E0 -1.852465366E-3 2.483586264E-2 -5.845821785E-2
6.966597000E0 -9.779664980E-4 1.815653202E-2 -2.067597136E-1
6.999930000E0 -6.420420024E-4 8.735651775E-3 -2.284910627E-1
7.033263000E0 -3.955955368E-4 4.156928047E-3 -1.276824449E-1
7.066596000E0 -3.649162373E-4 -3.306862893E-4 -2.748390711E-1
7.099929000E0 -4.176410689E-4 -1.250072802E-2 -2.451349111E-1
7.133262000E0 -1.198289771E-3 -2.008956340E-2 -4.169823053E-2
7.166595000E0 -1.756931902E-3 -1.326803454E-2 7.619595531E-2
7.199928000E0 -2.082816562E-3 -1.389914529E-2 -4.524832923E-2
7.233261000E0 -2.683532322E-3 -1.796874789E-2 -5.013955295E-2
7.266594000E0 -3.280721109E-3 -1.679747073E-2 1.452068367E-1
7.299927000E0 -3.803352506E-3 -8.939247777E-3 1.403559608E-1
7.333260000E0 -3.876665001E-3 -5.240196088E-3 6.063399395E-2
7.366593000E0 -4.152695418E-3 -6.922699789E-3 8.342419783E-2
7.399926000E0 -4.338173705E-3 3.053145602E-4 1.904333013E-1
7.433259000E0 -4.132341318E-3 7.120657769E-3 1.222217099E-1
7.466592000E0 -3.863467934E-3 7.907655210E-3 9.935462852E-2
7.499925000E0 -3.605169576E-3 1.283697299E-2 1.129227994E-1
7.533258000E0 -3.007678293E-3 1.703872501E-2 3.385415661E-2
7.566591000E0 -2.469265934E-3 1.436868268E-2 -2.989300989E-2
7.599924000E0 -2.049775693E-3 1.440305874E-2 -5.125721029E-2
7.633257000E0 -1.509071620E-3 1.228782148E-2 -1.316484691E-1
7.666590000E0 -1.230595786E-3 4.756910046E-3 -1.794912024E-1
7.699923000E0 -1.191947455E-3 1.888178259E-5 -8.270426934E-2
7.733256000E0 -1.229337013E-3 -6.377472958E-4 -9.018493998E-2
7.766589000E0 -1.234463516E-3 -4.999878440E-3 -1.655527595E-1
7.799922000E0 -1.562658909E-3 -1.271793594E-2 -1.033228402E-1
7.833255000E0 -2.082317433E-3 -1.246297168E-2 3.565017191E-2
7.866588000E0 -2.393515380E-3 -9.074893404E-3 -8.539993646E-3
7.899921000E0 -2.687304277E-3 -1.283056382E-2 -3.311721763E-2
7.933254000E0 -3.248877748E-3 -1.301511617E-2 1.070331672E-1
